24 32 63
17 59 73
15 65 66
10 39 79
87 95 38
69 96 58
67 33 13
58 62 18
2 62 23
34 59 51
58 96 74
50 46 90
79 47 89
6 96 96
82 48 15
53 97 31
98 69 98
40 45 50
58 66 77
42 74 64
21 0 75
35 57 43
27 71 19
57 94 98
13 28 87
97 69 42
72 1 99
74 46 81
64 22 10
73 54 65
11 87 40
60 86 52
55 39 65
91 15 16
87 52 59
84 60 73
51 15 77
98 28 35
84 34 81
28 55 32
21 67 1
54 30 74
25 21 70
44 23 45
82 0 64
64 90 75
44 71 76
37 46 56
24 66 29
76 56 10
59 13 5
30 47 47
21 67 75
93 37 70
34 29 79
68 57 17
78 44 76
97 8 39
77 66 3
32 5 34
9 55 88
63 19 76
98 44 55
77 56 37
44 6 7
57 75 97
81 94 89
62 32 94
80 50 16
88 61 63
24 37 34
44 88 87
9 68 81
24 80 47
7 11 35
47 85 76
79 28 13
74 0 7
46 64 26
26 87 64
7 4 99
82 97 80
10 38 8
1 19 79
40 40 0
23 89 16
42 88 75
44 8 20
52 73 89
39 4 78
10 80 19
76 82 8
40 86 91
45 49 39
28 88 29
72 8 50
87 55 88
60 32 94
98 78 28
10 21 1
