54 30 3
88 32 68
92 85 47
53 57 85
11 66 16
79 59 87
12 77 26
90 95 13
22 80 4
40 44 89
52 61 99
85 32 61
29 95 54
47 86 43
32 48 44
89 14 16
33 4 24
73 46 74
11 62 28
10 69 82
31 16 81
51 75 54
82 89 43
53 85 68
84 57 6
13 46 94
84 31 23
30 36 72
28 74 11
68 40 2
58 52 2
68 5 42
23 86 12
17 12 1
44 81 12
22 24 34
97 27 72
90 30 92
96 22 56
17 78 8
73 99 64
58 70 48
99 96 67
86 12 24
88 55 9
53 48 77
89 53 81
9 66 60
25 82 72
78 11 32
29 63 13
50 54 87
39 84 7
30 91 74
0 1 6
8 15 49
15 97 30
63 26 99
21 62 69
38 14 7
50 3 73
68 66 88
89 30 41
44 95 63
76 50 75
65 42 77
27 56 65
6 2 58
37 49 26
21 41 89
29 68 61
92 3 46
87 86 85
40 22 44
12 2 34
92 36 73
93 9 52
99 53 79
60 69 20
88 87 29
73 10 70
68 36 67
17 94 42
91 99 65
51 25 0
4 54 21
81 75 22
53 90 14
11 46 58
16 21 96
75 42 80
69 38 65
64 89 55
86 75 61
24 38 9
63 82 73
63 85 44
87 42 15
28 55 72
37 51 76
13 67 54
51 68 47
85 94 96
64 24 33
52 44 91
97 21 1
29 68 52
84 42 65
45 26 34
8 52 56
3 1 92
40 92 61
41 70 48
98 95 96
12 84 60
19 99 92
34 12 15
89 81 85
15 96 95
2 28 41
20 83 13
77 51 90
94 77 72
50 7 10
1 92 37
23 2 94
71 46 48
41 72 8
95 22 13
48 30 69
86 72 55
76 77 46
56 53 61
82 20 6
18 24 35
87 34 53
38 8 39
60 86 59
35 27 5
1 28 21
34 79 9
85 68 25
60 40 99
16 26 20
67 95 52
15 43 49
88 15 65
94 68 7
11 86 16
19 5 34
9 24 58
75 90 37
76 82 69
12 45 97
65 95 4
41 84 11
92 70 87
79 41 78
80 46 85
26 92 69
62 6 6
8 51 6
10 44 4
70 79 36
43 78 38
8 72 85
27 51 1
40 40 0
11 47 68
75 81 5
85 15 43
94 94 12
87 80 76
77 76 77
48 4 72
42 48 49
3 89 68
55 35 12
44 58 54
61 20 45
38 32 5
35 55 82
29 10 19
58 92 28
36 46 45
99 13 89
52 57 94
59 66 70
77 82 96
3 86 85
34 87 9
63 95 4
4 53 41
65 81 83
47 14 85
95 75 0
12 41 60
27 68 39
4 88 7
83 40 59
83 11 39
92 33 19
91 27 1
68 99 23
19 41 83
88 86 69
83 65 71
17 66 55
80 56 38
68 75 98
43 19 18
7 84 15
29 64 89
81 46 33
90 11 47
29 87 76
85 44 68
62 29 38
37 56 90
0 13 40
5 79 80
34 85 23
54 10 97
61 38 42
55 80 51
90 45 23
48 74 48
20 47 14
69 19 9
22 52 4
51 16 82
85 40 1
54 22 89
15 88 42
16 3 62
87 36 15
67 41 40
15 74 6
4 66 78
59 70 11
81 51 56
84 4 90
64 71 30
15 22 88
98 45 73
11 19 9
21 62 39
38 39 91
87 87 44
66 66 38
51 64 98
69 81 99
6 42 28
40 84 57
19 52 5
47 78 14
21 37 56
2 3 22
0 15 93
66 93 55
96 34 86
52 31 32
80 25 25
3 89 25
73 32 82
53 54 83
45 84 52
13 64 17
23 20 4
7 43 79
44 0 89
91 80 71
30 92 54
36 9 9
75 26 77
78 84 43
25 71 21
49 13 9
10 85 83
94 6 62
72 31 85
3 28 49
39 79 43
66 82 16
75 68 75
24 22 19
25 14 96
70 21 48
5 23 42
64 77 18
91 34 11
65 72 2
5 26 23
21 3 43
69 92 89
10 77 29
92 10 39
34 92 46
15 47 37
33 72 11
34 29 86
56 36 0
96 57 39
35 36 58
31 81 35
31 78 63
50 97 26
5 68 96
65 89 71
72 48 67
17 67 17
4 24 82
91 11 24
31 76 4
0 77 47
46 38 23
60 51 71
46 14 74
34 70 67
19 18 8
83 91 6
48 11 72
82 80 41
38 81 90
41 9 43
66 9 12
46 77 0
96 80 51
12 64 4
25 45 96
52 9 35
83 42 29
76 55 67
44 49 99
85 87 4
3 36 14
51 7 82
58 37 64
57 68 4
24 81 57
70 99 27
87 61 89
77 68 25
78 80 18
93 59 36
16 4 0
0 15 25
77 43 67
84 63 97
10 5 49
13 51 99
64 51 16
92 23 42
73 23 11
82 74 10
35 45 44
75 46 27
9 98 99
63 58 59
89 69 38
93 81 21
6 58 15
20 71 94
52 77 69
27 5 61
1 52 41
79 39 15
83 99 94
44 18 9
26 43 49
84 1 95
78 17 90
13 87 52
19 29 89
46 31 28
53 52 99
47 88 67
53 15 51
71 94 58
21 48 29
94 34 80
53 11 94
68 82 4
42 2 99
58 63 44
38 85 41
12 84 19
77 27 88
99 98 90
86 19 20
57 38 28
0 9 19
54 68 23
12 12 30
51 16 5
92 41 60
69 10 14
13 91 94
45 63 20
76 9 93
9 71 50
83 75 14
40 26 23
46 98 13
67 67 11
20 71 87
67 67 2
51 16 34
59 5 15
0 22 30
66 6 19
99 64 24
90 32 1
37 64 89
45 37 19
28 98 24
91 16 67
80 11 12
6 45 38
35 19 61
85 92 97
4 97 88
58 95 78
58 71 10
57 77 58
80 72 84
15 78 27
82 75 10
47 91 3
13 55 97
23 17 53
88 70 67
49 29 69
40 39 79
98 67 13
90 94 46
99 56 97
10 79 47
63 72 96
64 25 35
78 19 42
43 7 12
90 41 51
15 25 34
70 91 9
69 74 81
93 30 40
65 84 81
3 33 83
60 75 93
18 45 73
95 94 51
66 34 83
0 2 38
55 35 87
16 3 1
56 8 36
97 71 69
97 71 59
23 38 82
8 83 83
70 33 39
78 0 48
64 79 18
60 51 19
34 32 36
4 58 92
74 15 31
7 71 71
23 69 43
5 48 0
87 26 52
6 50 81
45 42 86
60 59 7
24 93 69
69 0 50
4 21 31
55 91 53
91 76 89
40 70 87
94 78 89
75 42 52
18 22 39
39 16 38
24 66 46
15 22 45
3 29 0
6 90 21
98 67 14
46 24 34
56 22 83
68 86 34
82 74 74
29 64 13
84 42 28
99 78 67
77 93 64
6 75 44
44 54 78
85 84 58
20 91 74
10 18 94
27 35 46
99 8 68
37 67 51
35 59 59
67 21 82
66 76 26
17 74 16
35 72 83
42 46 48
59 69 40
38 24 69
23 96 91
32 4 92
21 75 96
61 51 38
12 68 21
44 86 51
28 11 50
53 57 71
98 71 0
87 36 26
16 43 27
19 76 35
33 53 20
98 97 99
94 9 99
60 74 45
56 13 45
61 94 66
34 14 92
83 88 99
74 26 57
18 60 4
80 52 22
55 46 9
67 94 50
73 24 18
99 51 16
13 30 11
58 78 7
59 29 44
97 40 23
38 85 65
36 64 3
44 19 67
47 85 47
51 7 75
57 8 14
59 52 42
40 77 18
91 57 85
3 6 67
40 99 70
86 76 94
89 18 10
95 4 76
32 57 46
1 30 90
94 79 96
3 63 96
97 65 58
50 49 1
96 91 68
37 37 46
43 45 23
85 17 25
60 78 75
1 18 25
1 95 88
27 60 23
40 25 95
16 36 93
78 16 32
90 99 26
83 21 83
51 60 95
87 48 91
82 7 88
85 48 54
84 95 11
12 1 26
44 25 24
64 75 29
2 28 35
53 23 36
14 96 38
94 55 34
71 89 54
61 83 70
43 65 83
82 84 65
90 75 6
65 81 23
66 73 78
27 80 63
75 75 7
63 39 49
55 9 87
13 61 33
18 78 73
49 20 59
84 25 65
76 26 34
32 62 20
59 68 36
40 25 22
86 66 79
41 57 10
92 20 29
20 80 9
88 14 11
71 90 2
93 99 15
28 74 69
52 41 48
87 64 38
66 53 82
51 36 45
67 49 65
96 88 6
58 81 90
80 90 78
12 15 80
56 17 45
55 29 19
77 22 6
94 80 96
48 59 36
23 76 9
56 48 22
38 67 88
93 23 84
61 32 99
23 70 93
13 3 8
95 95 19
87 90 4
5 5 1
98 7 93
52 97 93
2 18 9
93 0 93
63 11 86
99 22 14
67 65 45
13 67 13
42 22 42
14 14 75
17 19 83
37 93 97
47 23 54
65 60 95
66 11 28
3 72 7
11 75 51
83 8 80
29 71 28
19 69 28
11 14 3
3 34 5
40 86 18
24 97 84
52 49 71
29 68 38
56 2 82
32 89 87
33 66 49
2 53 12
86 29 47
12 53 4
65 6 58
91 23 32
33 83 62
0 55 76
11 91 5
85 46 35
16 96 2
65 89 7
14 24 12
85 20 85
81 85 31
97 43 23
78 15 34
57 53 23
13 39 77
36 45 15
32 3 24
17 95 20
91 27 51
1 67 53
50 47 40
47 81 74
11 81 16
63 41 83
65 87 17
21 91 14
31 88 85
26 36 2
36 12 87
49 68 85
0 59 38
59 70 11
33 40 3
95 85 12
11 13 16
97 84 13
77 50 40
13 80 55
82 62 14
93 45 13
33 66 9
62 32 83
18 78 37
25 22 37
84 64 22
99 13 23
96 4 26
96 91 25
93 62 88
27 87 74
97 20 90
21 58 86
83 21 72
74 14 27
6 6 8
7 16 17
82 27 86
69 9 44
57 6 46
7 83 19
94 20 47
28 96 92
24 71 17
55 61 83
29 67 40
24 89 29
57 23 6
53 31 27
55 78 69
96 25 63
27 83 51
56 18 32
60 88 91
90 79 33
13 20 1
79 47 83
54 84 78
82 94 81
87 90 17
37 89 7
25 89 76
15 7 56
92 67 75
10 63 52
7 11 42
23 79 84
16 75 85
7 12 52
82 29 32
93 88 25
34 18 23
58 53 55
75 40 25
80 26 8
5 18 69
19 32 70
84 55 6
57 45 76
61 58 56
47 33 19
19 45 94
15 64 80
93 38 13
85 10 95
8 22 16
54 37 74
64 39 20
45 6 78
67 51 84
64 21 64
27 2 11
87 20 68
33 39 82
94 57 67
42 83 15
5 76 8
73 52 49
41 56 10
56 6 10
19 11 1
56 34 48
52 1 33
59 63 6
12 43 19
87 42 42
25 90 60
96 33 72
42 29 26
54 81 93
69 96 1
81 53 24
98 84 31
6 76 13
65 85 59
54 19 43
79 47 87
88 3 51
64 62 38
42 71 98
60 92 55
62 24 92
64 44 12
0 25 40
68 47 70
32 60 64
11 25 78
90 69 84
88 43 94
7 9 25
34 14 81
42 64 25
32 51 98
7 9 91
8 6 36
9 45 77
53 83 17
41 32 67
51 39 88
48 29 68
82 36 6
14 2 61
51 9 16
55 87 83
56 34 44
78 81 14
34 52 18
32 59 40
34 49 96
79 50 11
90 24 98
51 27 13
84 14 0
2 95 34
30 52 0
59 76 88
90 89 40
80 81 63
92 25 72
85 67 16
57 64 72
47 26 39
92 84 47
1 47 60
52 16 82
68 5 75
15 68 22
46 25 31
22 98 93
22 96 21
83 16 10
8 9 79
29 51 30
69 34 21
32 91 95
29 6 90
59 18 31
19 3 84
96 72 6
0 70 11
47 54 99
50 45 40
76 70 9
9 92 10
54 40 33
90 78 90
35 77 31
90 1 6
43 7 75
82 82 91
15 88 16
82 55 93
63 8 27
86 89 32
18 94 35
18 46 4
1 81 49
69 48 52
40 11 82
22 70 94
64 27 5
62 35 77
80 30 18
23 88 71
49 0 47
82 57 70
37 79 11
75 66 73
61 83 20
93 72 32
37 18 38
68 87 30
17 44 92
19 99 50
87 63 28
55 99 60
1 54 6
38 67 30
48 56 41
83 39 89
76 40 2
20 58 26
68 52 53
92 96 63
42 31 82
17 27 52
12 81 25
90 76 29
76 75 10
78 2 59
87 32 33
99 90 92
61 92 28
66 19 26
82 44 73
16 65 71
52 83 54
99 88 95
25 43 92
6 20 72
73 51 85
57 93 32
85 13 23
5 79 40
36 56 82
33 22 25
47 93 94
88 43 87
69 76 69
72 10 15
55 40 8
13 40 76
11 38 61
48 13 99
41 18 13
71 30 5
55 66 49
8 93 42
82 94 88
2 30 58
45 1 59
69 20 73
67 87 30
85 97 94
84 72 1
20 1 7
24 66 66
86 66 92
84 98 54
14 83 73
0 31 63
40 82 27
72 75 94
69 84 92
54 79 59
23 31 12
85 22 43
86 37 94
58 68 30
76 85 79
68 91 94
82 77 6
37 82 36
20 64 54
11 4 73
42 0 73
12 43 57
65 29 54
93 82 49
98 35 66
49 64 11
69 80 88
32 20 66
2 74 55
98 44 50
25 94 37
34 94 23
52 53 12
4 75 30
6 25 24
70 31 60
44 33 0
15 48 15
22 21 99
36 77 61
16 15 25
9 28 2
20 12 30
51 38 66
75 87 85
7 50 40
25 6 82
60 76 26
89 96 26
43 18 10
80 37 45
56 19 45
12 29 8
99 33 82
4 78 26
68 58 25
67 19 28
98 34 59
82 99 47
35 55 13
77 3 38
46 90 68
46 53 24
30 14 26
68 27 34
7 91 90
52 70 13
90 67 81
82 97 90
22 54 95
5 81 24
3 90 31
40 68 74
79 61 0
66 21 5
36 37 5
42 16 66
96 40 17
2 39 0
48 9 65
98 0 96
0 56 29
62 75 19
86 86 83
0 11 16
26 14 10
14 5 58
79 7 70
39 51 62
78 51 91
74 15 9
41 77 42
23 45 85
30 66 6
84 74 14
83 81 27
45 45 20
83 17 81
24 55 17
46 94 98
95 73 59
93 20 92
47 16 34
96 91 77
77 78 84
76 19 27
23 63 28
8 42 31
2 17 89
79 3 22
67 40 67
74 97 22
30 0 68
57 9 29
26 96 26
54 89 36
12 91 74
35 90 72
41 79 0
34 74 36
8 52 70
74 59 41
57 20 73
65 86 38
4 44 91
2 36 50
24 78 50
35 53 9
63 41 7
32 55 81
38 25 95
86 49 55
20 47 8
82 9 9
8 78 32
46 34 31
83 35 38
0 76 46
47 79 80
50 37 8
54 56 63
29 17 32
78 14 10
76 48 40
57 44 56
28 67 93
50 0 34
78 29 44
53 5 18
38 78 54
5 10 87
39 90 44
71 13 71
10 98 95
97 92 42
89 65 45
17 91 41
94 79 0
35 88 52
70 52 52
78 5 48
24 39 67
92 39 7
8 86 5
38 48 68
90 19 28
50 20 25
6 55 76
18 96 27
27 87 46
80 17 4
69 33 29
85 73 78
3 34 76
32 81 88
17 31 51
62 51 43
81 25 25
99 34 77
50 71 32
81 60 5
97 91 42
63 62 62
67 3 49
5 53 20
61 59 7
36 99 51
13 7 34
17 99 1
22 70 12
87 45 73
37 65 92
24 19 99
21 19 9
87 68 28
24 86 31
12 24 4
11 79 36
91 84 90
85 32 86
51 14 0
33 0 80
1 35 22
86 61 57
53 2 37
31 0 13
75 15 92
45 27 75
29 92 60
37 64 21
95 96 15
82 62 42
76 20 73
73 7 43
39 96 29
5 19 71
83 49 86
51 5 94
49 50 71
72 3 75
85 74 20
80 98 98
77 82 64
34 63 2
35 82 67
57 33 77
33 2 71
36 14 46
37 23 4
98 5 58
65 62 86
17 78 84
64 86 23
37 62 73
91 16 96
86 35 0
53 44 84
54 65 71
33 53 9
12 93 38
0 4 41
50 62 57
98 26 77
58 63 10
58 33 30
28 10 41
26 56 66
36 8 68
27 46 70
75 45 31
27 21 86
42 28 72
7 44 83
29 88 58
66 3 16
99 63 29
18 75 58
64 31 8
78 14 41
22 67 17
44 62 89
54 51 6
98 90 8
82 36 92
10 83 25
40 66 66
72 69 36
19 45 29
7 63 67
9 85 53
65 34 26
59 72 9
8 80 87
49 66 56
15 58 33
66 74 70
49 90 25
99 87 45
12 58 61
39 14 95
97 7 36
64 98 90
77 39 39
23 20 0
25 61 29
55 78 68
73 92 98
38 71 41
10 85 58
43 39 1
17 67 11
51 93 55
5 38 66
39 76 70
17 92 61
37 77 41
5 13 84
87 9 56
78 27 49
77 51 21
10 29 84
68 74 94
72 55 75
36 35 51
27 42 81
91 52 37
86 35 41
1 32 64
94 94 51
48 45 77
8 55 50
19 11 65
49 48 2
47 3 19
81 70 36
97 58 75
19 2 10
9 34 97
53 57 45
61 16 5
69 14 3
63 50 39
18 5 10
42 4 47
60 2 29
13 10 44
59 31 46
71 71 74
6 97 77
43 32 80
38 55 83
12 37 37
5 30 65
80 0 60
31 94 88
21 41 78
28 34 21
92 92 83
1 67 57
98 30 38
77 28 29
69 8 2
14 65 19
14 85 6
68 78 75
75 26 12
99 69 37
51 52 90
3 30 50
34 51 81
37 72 8
8 21 57
44 54 69
15 69 46
33 9 91
48 21 0
51 49 12
65 51 46
32 38 33
67 11 95
67 23 34
15 60 0
16 90 22
18 1 8
47 94 82
58 8 41
97 78 94
65 38 47
57 17 42
6 50 48
16 1 61
79 64 30
82 72 53
13 51 62
64 0 76
94 77 65
93 25 98
65 84 97
93 50 44
92 29 45
27 8 25
48 24 27
87 88 67
72 79 47
76 87 59
17 19 9
15 34 88
52 94 73
75 23 79
7 44 77
19 27 91
40 76 18
52 51 93
51 14 70
98 84 73
33 16 41
24 63 11
95 20 86
5 83 37
57 48 50
13 35 3
53 82 34
42 13 9
86 40 81
61 31 36
78 39 97
36 94 71
52 49 1
21 15 53
82 63 25
7 75 3
59 27 84
34 78 77
47 40 79
81 49 51
12 28 50
7 25 8
19 84 73
1 91 68
86 62 25
98 73 20
94 17 7
61 51 89
89 61 40
22 25 48
66 28 13
75 33 44
59 25 5
51 86 6
68 36 13
36 6 93
73 20 31
54 21 10
0 8 58
13 10 66
36 83 5
76 60 38
83 76 18
21 17 58
27 50 64
84 58 69
74 70 31
2 95 42
81 63 72
88 22 79
27 89 82
57 46 89
78 46 98
22 86 6
83 59 62
69 41 11
43 99 88
12 8 78
7 53 24
13 76 62
98 16 99
21 1 7
52 87 26
16 1 16
17 68 75
27 86 58
41 10 73
13 27 91
86 5 32
10 4 81
66 47 17
74 73 6
69 77 55
89 8 92
52 10 20
41 39 44
23 11 11
16 10 85
50 26 94
89 77 23
26 61 77
71 19 26
44 60 95
52 83 30
5 84 8
8 11 64
99 65 36
63 9 80
60 15 91
51 56 20
23 6 64
64 15 53
69 23 70
2 3 12
39 16 73
27 71 67
92 1 79
44 70 74
69 23 45
97 49 16
73 89 41
88 25 14
49 8 15
67 16 26
33 70 55
68 34 28
91 14 41
65 87 19
81 27 56
4 84 77
58 17 5
57 59 0
54 37 21
3 31 36
54 86 77
79 15 47
76 55 70
13 40 47
85 27 35
9 82 9
65 88 44
20 65 5
8 6 98
48 35 9
97 56 32
60 37 7
60 15 71
41 38 76
30 97 20
13 58 68
38 90 90
77 55 12
82 53 83
45 29 80
99 18 86
56 28 57
54 87 31
32 34 36
0 88 80
82 12 71
17 41 95
2 66 19
1 59 8
26 84 64
36 93 17
4 85 66
10 86 28
25 74 59
5 8 93
39 53 60
99 78 58
67 92 43
87 72 49
98 33 54
29 7 63
73 1 51
42 10 10
34 27 97
26 83 34
39 64 22
71 71 94
93 63 50
41 92 85
13 39 98
74 26 33
83 11 38
16 26 42
53 2 48
49 13 72
36 95 77
58 98 36
95 20 51
63 81 28
7 26 66
0 43 27
47 67 97
71 95 54
80 43 78
87 43 76
78 87 45
1 62 46
95 40 87
3 94 82
28 16 63
93 94 41
71 22 41
58 83 27
48 91 14
85 62 77
86 44 80
74 11 49
2 80 94
51 47 2
43 9 92
22 61 41
9 68 12
37 52 4
96 65 83
38 60 11
33 51 64
42 78 3
10 94 30
21 4 78
88 12 25
34 57 37
45 6 0
40 78 79
84 37 61
88 89 12
85 78 13
51 45 99
71 35 86
74 88 44
23 89 3
30 80 88
8 81 5
55 12 49
96 26 43
12 13 94
52 2 99
41 4 90
9 1 78
11 13 35
51 67 55
5 56 50
77 51 6
39 13 14
0 67 28
65 93 63
95 2 81
53 2 14
91 89 35
3 92 38
12 56 1
0 28 20
51 12 58
39 43 51
68 62 32
79 3 11
30 37 72
52 9 4
40 9 94
72 92 11
81 19 44
27 87 61
91 19 50
10 77 32
23 7 60
29 79 24
81 96 32
97 73 47
58 86 26
60 91 58
63 6 42
63 13 13
81 60 56
27 76 0
29 28 32
19 93 31
63 52 61
6 42 23
32 29 29
82 34 30
30 93 15
54 46 96
39 35 51
92 44 21
12 5 52
83 93 21
23 22 68
25 21 30
24 74 24
68 80 46
53 37 4
67 71 48
40 55 88
36 3 19
60 85 17
32 22 13
80 3 16
67 7 89
96 47 90
21 84 83
21 22 78
90 27 19
56 64 66
34 51 47
5 91 36
46 45 18
3 15 26
9 8 95
87 66 96
89 11 28
84 20 11
33 67 78
16 15 51
95 81 38
55 58 88
87 67 24
44 65 36
13 53 15
68 63 94
42 40 58
37 56 53
4 76 11
97 45 10
31 58 8
56 21 10
67 81 64
94 75 26
18 46 73
92 11 22
8 68 54
10 27 77
45 92 17
5 90 67
43 61 80
8 58 32
74 86 68
70 19 9
20 54 48
19 83 62
53 23 21
67 28 15
84 78 88
74 74 65
22 60 95
73 90 11
80 17 64
61 3 57
28 5 29
93 54 94
14 36 38
26 25 84
33 51 39
71 20 85
65 62 13
95 7 81
85 79 18
2 32 49
50 50 22
87 82 75
27 79 96
73 11 58
74 36 60
10 22 70
92 49 96
20 98 21
39 48 89
54 86 24
91 52 20
21 90 75
92 6 70
70 57 27
52 16 99
95 67 39
52 12 48
91 57 52
59 17 42
39 37 45
61 37 20
16 11 19
64 54 43
5 16 90
14 19 85
12 71 30
89 20 20
48 57 10
77 57 88
16 95 63
41 51 16
39 87 69
80 11 67
7 54 97
70 91 29
53 32 14
41 18 92
14 3 83
55 72 41
12 27 2
84 8 54
51 28 72
53 74 49
66 15 29
47 99 29
39 28 37
42 54 72
99 84 11
0 94 56
44 71 79
36 59 27
41 1 41
86 13 32
15 15 83
96 7 94
1 56 98
1 43 53
5 30 66
19 18 60
27 50 63
58 90 41
26 57 42
35 81 9
96 71 23
53 4 20
22 41 46
28 39 22
14 58 53
15 44 13
97 33 8
83 71 81
86 79 42
41 16 46
62 45 50
26 36 84
68 97 70
89 66 74
2 62 95
51 76 0
2 97 30
14 13 95
64 96 30
69 72 83
94 85 99
6 40 20
4 48 56
8 10 48
18 35 49
66 53 47
66 89 7
9 79 27
72 27 2
24 1 45
85 0 14
10 12 66
58 8 91
26 20 97
35 6 60
68 28 32
24 19 83
29 97 81
90 29 72
79 68 64
16 13 84
9 97 39
96 56 46
14 34 73
2 21 16
3 10 76
1 81 46
34 20 25
89 62 15
40 48 6
40 27 22
4 97 27
8 40 20
83 48 95
79 38 84
45 86 3
91 23 52
50 28 19
22 69 93
33 88 27
84 47 90
14 68 21
72 46 78
5 40 69
9 8 67
83 11 87
22 18 60
48 52 83
67 0 70
65 83 35
28 86 52
59 0 42
38 98 99
10 29 83
62 27 56
77 57 49
75 92 66
20 44 73
19 12 85
52 60 33
98 28 35
3 85 79
87 10 9
25 92 61
75 92 49
66 76 46
73 69 60
92 40 0
10 25 80
5 91 26
47 17 92
24 96 40
0 34 87
60 28 6
2 32 34
6 41 41
8 77 67
35 2 21
33 98 9
4 43 16
33 35 1
58 68 77
9 36 80
12 85 7
58 39 25
52 48 9
44 8 51
56 37 22
84 39 57
23 82 70
25 55 52
50 42 6
64 70 56
10 8 74
36 8 23
27 70 84
14 65 78
92 81 81
11 41 95
38 50 26
19 34 3
4 97 75
71 18 38
46 85 64
58 78 98
65 25 73
40 83 44
81 15 13
36 60 56
6 19 52
42 40 42
43 15 98
37 57 93
86 53 81
59 16 50
64 79 35
16 38 62
10 56 9
57 75 17
57 41 27
46 89 53
0 59 76
91 69 93
75 35 19
67 38 50
82 73 97
60 40 18
58 35 21
62 12 68
41 62 46
60 3 71
90 65 21
98 45 10
28 89 34
61 36 86
9 43 8
1 26 35
99 68 71
59 20 54
24 46 45
31 43 43
81 66 59
99 35 38
35 74 30
10 11 46
84 17 3
3 17 94
96 13 64
56 78 17
39 88 76
72 46 60
20 69 93
37 40 64
15 66 92
86 31 45
22 46 20
44 98 12
1 34 28
79 64 30
51 36 23
6 99 33
31 86 55
12 50 92
39 68 55
69 32 69
69 52 16
97 65 94
24 2 99
97 72 51
26 73 83
93 43 23
36 7 79
85 78 25
42 48 86
56 43 59
3 33 31
87 27 2
19 90 67
32 58 55
15 3 74
42 70 88
34 4 17
73 79 44
66 72 16
93 71 9
34 4 77
39 46 56
81 58 48
47 82 4
56 37 65
69 52 81
79 78 75
89 40 19
49 85 78
49 52 53
1 0 9
29 1 70
53 26 42
79 87 71
61 99 26
79 49 18
68 19 28
31 77 79
80 93 20
52 75 75
96 91 39
14 45 0
18 8 2
61 4 44
41 20 52
85 1 40
3 41 29
1 87 52
89 18 59
37 89 27
1 49 6
37 74 23
60 34 37
59 37 11
68 82 33
57 13 12
83 14 28
69 51 64
25 83 58
4 50 44
