39 64 66
44 16 97
94 62 44
14 43 91
86 65 19
45 49 45
44 41 10
27 40 96
57 61 79
88 8 61
34 47 71
92 6 62
13 23 65
61 33 16
28 63 88
62 29 20
95 11 38
88 71 22
8 87 88
77 69 46
98 11 4
9 8 28
51 60 2
83 62 18
65 83 56
48 53 83
42 57 40
71 40 42
98 46 88
50 46 33
90 66 75
21 75 67
72 62 81
8 60 16
32 74 58
17 62 99
11 87 66
37 78 3
55 44 35
77 88 73
88 57 68
22 40 76
97 15 51
31 97 57
39 25 89
4 26 47
49 59 48
72 98 82
80 8 10
44 71 77
24 10 14
7 23 15
6 47 45
49 47 99
88 98 28
98 14 47
53 62 26
87 96 84
7 43 28
87 85 67
93 57 6
32 26 86
12 95 66
20 53 81
90 69 48
63 42 84
96 41 28
44 50 55
57 5 94
9 28 8
5 77 31
96 30 78
71 59 31
8 88 62
43 77 88
69 67 1
29 74 17
11 99 80
82 13 91
79 78 77
85 32 58
47 49 44
14 7 73
43 88 70
48 11 20
19 80 58
45 56 72
40 11 40
57 52 32
86 68 0
80 70 66
56 95 32
79 42 65
25 9 11
26 21 63
50 26 56
14 40 16
17 47 85
48 2 75
80 99 5
25 77 52
3 41 87
55 5 58
80 98 92
98 73 46
95 79 28
65 90 26
45 73 75
37 46 53
3 23 45
74 61 83
98 21 92
65 55 95
67 56 22
87 50 42
12 83 7
48 80 3
31 29 24
11 26 8
9 35 51
81 6 90
1 76 51
60 9 79
1 86 54
81 59 70
54 85 24
92 52 17
18 66 65
84 54 65
47 46 70
7 50 15
36 71 48
83 54 90
72 37 77
52 80 60
2 86 99
21 76 8
48 22 62
29 54 98
15 72 8
24 34 17
9 11 86
79 94 98
33 28 35
66 93 53
55 56 53
81 17 76
93 1 59
35 49 36
2 66 95
99 85 31
42 71 47
36 33 61
70 59 85
10 52 53
86 49 35
37 78 53
26 86 55
91 19 93
3 89 32
13 37 1
77 7 84
36 52 55
0 26 46
77 96 86
79 75 16
51 60 49
93 79 56
48 61 20
26 29 26
9 48 68
63 54 79
8 26 24
30 59 73
80 54 33
96 66 64
14 80 26
88 69 62
44 40 90
85 42 99
75 18 22
75 48 70
0 25 0
60 33 59
59 26 72
78 53 23
18 34 27
88 51 36
45 24 33
81 34 62
5 45 58
67 65 82
48 14 21
24 97 1
39 6 46
15 15 78
76 33 30
30 41 7
89 83 72
69 76 83
80 43 37
14 37 5
66 63 94
40 82 58
68 95 15
94 30 92
87 64 82
52 12 25
82 72 3
41 24 59
7 66 24
57 14 20
23 86 8
98 59 78
28 69 45
14 16 57
90 8 84
46 73 21
56 4 82
84 1 71
63 33 12
20 25 40
77 72 29
55 79 80
32 10 16
11 73 57
92 8 85
14 63 46
82 74 52
56 5 67
84 5 1
19 39 35
91 61 96
9 92 91
24 53 50
74 33 87
88 44 54
38 97 78
24 2 41
46 67 43
52 55 95
87 69 52
5 39 89
46 64 29
36 91 57
82 52 77
91 17 33
46 7 6
35 20 30
5 7 72
36 88 76
34 3 78
34 83 82
26 44 46
38 37 54
78 71 65
55 40 53
87 29 22
57 42 53
49 57 47
18 32 54
79 36 78
30 97 3
91 95 48
89 58 10
47 87 64
0 78 48
23 65 15
98 23 7
84 60 18
6 60 16
86 82 67
78 96 88
97 50 89
56 90 97
91 40 79
57 40 71
68 70 97
26 11 14
52 58 15
84 66 4
15 66 40
56 75 96
55 63 26
25 45 25
89 77 28
24 8 20
40 52 22
25 28 91
81 14 84
46 51 29
91 84 11
55 38 37
61 31 67
97 16 16
70 77 57
16 8 95
99 52 21
24 17 75
39 4 59
75 46 25
42 47 72
33 3 7
22 75 29
93 3 82
72 99 58
83 47 66
72 83 35
8 44 21
32 71 93
56 77 96
7 36 18
4 89 7
52 65 93
46 89 72
72 50 34
16 17 81
19 41 71
48 79 40
72 97 88
14 11 11
45 71 71
26 35 92
98 19 7
21 16 55
20 85 62
59 47 87
79 76 55
68 70 86
99 1 68
40 11 79
37 55 51
67 33 71
88 37 21
76 60 89
64 65 86
61 86 93
52 55 69
76 22 65
5 26 74
61 30 63
79 80 41
95 90 41
81 74 52
57 24 47
6 32 32
32 2 78
35 96 30
26 71 3
33 27 48
49 52 49
54 47 64
68 55 97
33 62 86
24 77 94
7 32 58
16 63 91
4 25 91
76 7 8
17 67 72
0 9 93
57 92 42
33 97 80
97 45 21
56 53 81
88 54 64
36 6 39
31 55 56
17 14 34
69 27 26
39 62 36
96 31 98
77 36 65
94 32 37
51 4 95
42 3 3
73 93 8
41 42 98
59 48 92
15 42 60
66 21 53
70 23 44
25 23 86
92 18 0
27 37 75
18 42 16
65 77 81
6 73 18
30 63 3
5 67 63
12 66 68
7 22 91
10 59 54
42 28 34
30 69 21
86 3 74
39 30 85
53 8 56
72 65 4
19 40 36
5 67 85
37 41 61
6 65 79
58 19 26
98 83 11
59 88 92
20 63 78
16 64 74
11 54 76
87 15 73
17 17 16
41 2 59
97 88 7
89 50 19
83 84 45
19 83 17
75 73 19
71 17 16
98 41 31
34 72 81
86 38 80
35 37 79
44 51 24
85 39 94
12 98 82
77 73 64
88 80 19
29 43 41
0 21 93
87 4 1
19 25 68
41 6 99
9 30 13
83 3 4
8 71 77
86 55 68
95 61 31
55 5 78
78 49 67
78 88 14
35 96 98
65 33 63
96 22 17
93 92 40
54 34 21
73 46 20
68 45 76
60 75 46
78 63 98
10 92 65
57 44 22
27 55 40
94 80 64
81 97 80
76 23 96
65 82 34
8 25 35
8 33 55
50 62 34
57 25 2
61 11 12
94 99 77
79 3 22
0 80 58
85 71 46
73 61 38
52 17 62
80 41 38
57 66 82
22 62 73
23 71 2
1 87 70
81 76 81
99 17 50
59 53 70
81 18 42
50 78 76
69 41 51
88 20 78
66 0 65
42 18 95
63 44 38
7 93 70
89 45 85
90 96 56
6 38 35
23 18 78
65 61 2
57 31 12
27 52 79
19 96 6
45 46 65
38 79 8
16 44 37
94 77 49
84 67 34
20 1 40
52 47 62
53 15 54
12 42 25
16 47 90
76 48 38
91 69 63
54 36 23
62 16 78
44 68 70
64 91 6
20 6 20
18 48 35
36 49 43
92 47 61
98 64 16
37 76 56
58 75 19
58 56 51
12 50 6
90 48 97
23 20 20
87 81 55
12 10 44
83 86 72
98 92 3
6 59 27
69 52 78
33 95 50
7 86 30
34 47 30
17 28 10
17 82 99
4 75 71
70 11 35
36 60 0
37 31 39
86 85 41
50 67 93
20 52 53
20 43 49
39 28 75
87 76 37
15 7 25
58 9 32
65 34 85
13 20 56
71 42 67
38 25 75
43 65 24
43 60 31
2 90 38
52 24 85
22 22 82
0 16 4
69 78 48
22 2 43
14 60 27
45 14 2
16 61 24
65 52 40
55 24 40
8 82 80
10 62 68
44 76 23
99 91 13
12 63 69
6 74 50
42 13 12
75 44 6
83 30 6
87 55 32
71 57 54
38 84 55
97 61 48
4 55 12
93 14 53
29 37 70
48 8 23
70 8 97
83 59 10
51 53 82
3 14 64
87 20 16
77 20 14
10 32 0
85 84 66
96 93 74
5 40 33
87 45 70
7 99 91
86 84 22
32 95 16
1 47 74
18 43 46
94 28 19
40 12 72
29 79 46
82 1 32
35 85 56
18 21 12
14 90 80
37 28 49
1 63 42
63 65 91
98 59 9
25 97 32
31 94 41
72 0 71
54 32 18
51 9 75
79 16 33
29 15 44
81 85 27
83 24 96
81 89 36
32 10 6
69 51 57
81 66 97
79 35 97
97 49 8
82 47 57
43 45 5
45 95 94
12 55 77
42 40 98
66 66 37
34 83 41
31 68 12
53 34 8
37 70 17
34 38 10
52 79 28
49 84 65
39 83 84
28 83 76
58 25 93
78 27 77
99 36 33
2 40 64
94 24 12
40 99 62
29 52 57
91 36 69
26 51 77
73 36 72
31 8 25
82 15 63
96 70 72
58 25 41
28 88 26
99 49 39
75 61 7
91 95 61
89 93 32
10 29 1
48 3 16
34 41 81
45 51 41
83 73 36
8 24 20
7 20 0
76 44 97
43 25 58
17 86 56
42 78 36
94 47 23
61 34 98
55 1 30
69 11 52
80 36 57
90 83 57
55 75 66
31 79 60
30 48 94
96 0 84
98 78 49
99 91 43
25 54 71
35 33 69
14 1 17
99 48 13
56 38 74
87 16 66
7 22 21
45 6 42
79 60 57
65 57 77
20 13 0
65 81 82
11 1 3
93 78 47
4 9 20
69 68 26
16 16 67
86 45 93
1 14 13
87 48 35
49 91 73
21 58 79
44 32 33
7 86 91
0 1 68
77 73 6
67 87 71
96 23 17
69 78 86
96 94 16
24 61 43
44 88 6
25 32 13
8 40 6
7 98 25
94 65 26
93 96 31
53 3 2
86 95 68
80 43 61
25 35 3
75 92 99
2 62 73
99 97 19
89 31 26
26 25 27
88 83 23
69 99 66
41 86 64
28 84 25
43 13 16
4 39 60
6 32 57
54 78 90
3 69 88
68 48 1
85 74 47
85 11 70
64 66 36
35 71 16
7 32 13
58 44 75
80 59 58
96 67 2
77 22 32
4 41 32
17 67 66
57 50 70
87 79 38
19 18 7
5 36 3
82 71 97
48 36 33
22 60 63
16 87 55
59 37 99
35 49 86
58 74 5
65 63 71
37 3 87
25 36 60
26 40 12
57 58 18
64 80 88
94 6 1
76 14 73
70 54 78
32 19 82
97 68 57
13 2 96
90 81 99
5 73 95
5 21 10
10 48 68
70 65 86
33 83 66
62 40 36
35 50 78
99 46 26
91 23 39
64 72 32
64 62 14
6 52 28
26 39 96
1 88 6
93 56 31
34 12 57
6 94 44
60 26 64
52 90 95
98 52 46
16 16 30
24 49 46
89 13 20
15 84 45
86 27 70
47 50 36
43 76 26
67 18 31
62 2 71
46 31 30
69 31 29
36 82 46
88 62 80
56 21 81
94 54 29
54 45 50
53 58 30
93 64 59
40 2 85
1 37 84
54 73 38
21 6 86
61 32 77
73 56 57
56 9 79
82 81 33
73 13 51
15 20 16
47 13 92
29 12 11
26 44 50
41 85 39
58 66 87
30 37 78
94 2 46
76 66 4
15 97 11
4 4 59
75 27 60
84 55 46
73 81 86
8 86 68
82 21 12
75 46 95
20 32 19
30 80 10
78 61 15
48 51 71
60 60 28
35 87 87
24 74 41
3 61 57
60 70 49
60 77 97
50 72 43
75 80 60
58 64 74
87 64 59
67 76 34
14 30 47
73 7 22
5 50 34
53 57 34
23 66 35
9 66 42
23 89 53
89 58 53
7 5 25
42 27 59
73 95 37
34 70 82
69 37 7
92 71 93
38 55 20
10 88 81
13 36 85
50 14 72
71 0 40
58 43 52
80 6 39
70 95 51
11 78 45
16 65 43
99 41 65
38 65 78
75 22 0
93 52 83
53 61 49
64 75 43
31 76 80
53 63 35
75 92 17
70 68 28
44 3 90
76 45 75
65 15 87
85 11 89
93 9 48
47 95 67
81 22 94
85 33 68
96 78 13
94 95 53
68 84 96
12 33 20
96 42 50
31 69 65
34 60 29
20 84 31
12 11 12
31 94 64
76 59 30
54 61 24
34 13 94
86 97 70
89 75 32
64 57 74
51 1 56
45 87 0
32 26 10
32 22 3
97 79 85
62 93 49
65 37 12
59 83 39
85 98 40
30 22 54
85 36 75
7 2 59
28 86 62
52 31 48
74 35 82
23 20 33
19 64 58
35 46 1
97 10 96
85 14 59
72 90 20
2 50 59
6 49 14
72 30 68
78 64 31
80 73 58
36 26 79
60 42 2
74 19 27
76 3 62
43 83 14
72 85 92
63 95 62
13 16 20
72 91 88
3 58 59
9 89 5
68 60 2
62 63 50
54 81 95
72 33 64
8 61 7
65 2 4
23 72 32
72 59 67
14 83 97
0 23 27
24 38 55
57 86 37
38 68 0
75 84 10
5 81 79
15 73 19
16 6 50
52 14 38
50 10 24
65 86 16
63 81 85
98 36 83
15 86 57
12 47 86
51 15 27
78 32 63
88 88 90
45 5 99
78 52 43
92 0 96
84 10 3
80 46 39
7 49 90
31 33 71
99 59 67
87 46 9
24 60 79
48 70 18
86 37 85
85 57 77
14 98 66
15 29 56
28 41 98
71 18 26
6 66 94
32 81 40
51 6 32
3 64 99
82 43 97
56 71 4
0 8 91
58 46 96
80 95 35
33 93 65
35 39 16
13 12 16
60 43 33
41 57 30
58 54 71
58 37 86
30 40 58
56 29 96
43 91 29
5 75 35
65 28 95
77 17 99
53 53 55
59 16 64
41 96 81
76 70 60
10 11 10
44 86 87
26 33 24
15 33 65
94 89 16
55 73 24
14 3 81
39 33 14
27 56 35
56 45 65
85 46 74
8 75 6
28 20 73
13 6 46
76 49 76
58 38 51
32 21 68
69 92 29
65 14 3
20 0 98
5 8 46
63 36 69
96 41 54
9 47 85
10 29 51
27 18 22
31 65 44
65 72 49
13 79 61
47 46 78
40 5 61
91 93 69
34 62 18
82 41 10
74 16 54
70 78 30
72 65 20
69 77 43
4 14 90
80 40 80
95 76 56
81 19 65
83 29 23
81 5 73
80 94 24
36 29 77
52 9 2
81 21 48
61 80 60
77 93 86
51 60 95
96 95 92
22 32 98
53 91 21
69 31 63
74 77 94
64 80 83
87 38 2
48 48 9
16 43 81
56 97 7
3 40 2
10 19 7
5 71 63
86 38 68
50 78 19
35 53 46
44 48 15
24 30 35
18 57 30
79 72 87
9 47 69
80 24 21
97 54 97
11 58 77
52 96 44
93 54 67
28 46 75
29 1 45
92 30 21
89 92 59
18 67 90
33 94 43
99 21 73
95 90 98
43 87 31
32 27 51
68 76 20
81 5 85
15 64 52
36 51 90
70 17 79
44 66 10
11 3 82
60 15 37
18 1 43
87 54 65
19 49 39
54 62 79
99 7 18
18 76 12
70 14 58
99 46 88
24 88 0
90 57 91
85 3 41
83 6 97
62 48 5
20 3 5
26 95 67
22 58 75
37 96 7
42 14 4
61 51 55
94 36 88
67 80 22
86 47 35
30 31 41
82 64 96
75 3 99
8 74 9
8 45 92
78 74 79
25 63 92
69 13 50
95 41 35
9 0 93
98 94 7
17 88 12
78 52 16
70 17 13
93 71 85
13 66 79
40 6 21
95 0 24
60 55 9
37 77 77
90 69 65
17 2 34
0 47 24
97 74 69
63 84 5
36 5 21
98 38 30
56 65 54
79 87 37
44 76 11
13 55 51
97 75 22
71 74 82
26 45 1
7 4 49
19 65 51
7 97 44
6 30 96
84 21 33
79 96 38
19 57 13
15 19 11
4 81 14
69 9 2
7 78 42
38 30 0
9 19 10
80 63 89
39 87 11
74 10 14
60 75 2
33 95 0
9 32 84
79 9 58
61 87 68
78 40 98
81 76 15
66 22 8
63 12 86
63 37 51
27 61 70
58 73 14
3 34 0
3 39 80
35 23 19
1 21 77
75 34 39
35 34 32
50 36 74
11 61 86
82 10 94
17 8 98
29 8 6
15 56 29
43 17 51
89 10 42
63 49 92
24 10 62
82 67 72
26 79 17
86 73 40
54 57 23
51 43 15
60 20 61
77 16 22
79 54 90
41 0 70
37 35 97
19 47 95
86 82 58
8 48 85
93 96 29
24 1 5
6 30 8
77 22 8
45 74 4
19 8 34
53 85 93
76 9 52
55 17 45
82 30 60
9 20 9
71 83 17
90 58 2
94 86 78
31 41 42
75 49 46
86 94 65
56 16 0
90 47 28
68 89 43
2 64 76
59 8 81
88 72 57
66 90 2
13 65 0
51 49 24
7 71 99
6 36 78
48 87 31
70 99 46
19 89 60
82 13 39
99 26 46
56 74 7
30 34 44
15 80 23
92 36 14
11 70 69
75 22 59
99 98 8
63 21 26
34 50 16
44 82 30
17 18 67
78 59 23
22 73 92
31 9 32
92 32 32
67 11 52
64 51 47
31 76 61
28 44 46
68 79 20
84 35 16
54 15 6
54 33 57
44 14 85
89 29 33
40 75 34
66 16 76
64 16 29
35 92 83
55 18 38
39 51 40
86 41 67
70 3 21
83 53 33
7 51 73
59 44 96
9 85 13
88 81 23
53 31 22
75 6 3
23 8 82
82 68 76
21 49 20
57 28 2
48 96 76
92 94 2
76 77 32
95 2 29
74 12 85
43 42 96
58 24 88
26 90 71
41 63 79
61 36 40
16 70 7
27 47 79
15 15 80
1 75 87
12 69 62
85 6 41
13 4 99
57 6 90
23 91 83
96 41 85
51 86 42
69 34 58
54 74 91
93 65 63
69 53 11
24 66 44
5 46 24
97 79 33
81 72 40
48 87 30
49 47 72
95 20 79
54 61 12
0 53 33
19 75 62
0 48 77
8 51 66
25 64 44
61 80 19
64 89 96
36 1 97
27 58 97
54 20 95
61 69 93
94 44 4
39 84 21
4 53 16
14 39 1
83 78 84
11 29 74
4 24 95
48 49 62
43 29 24
60 42 34
23 42 76
38 49 74
21 10 91
41 29 62
82 73 39
89 65 11
72 62 63
87 19 42
63 34 24
41 26 6
69 62 20
34 50 18
73 28 12
75 93 33
61 50 34
37 95 29
91 30 15
96 19 53
96 92 42
41 55 24
68 95 7
65 36 42
73 64 79
27 10 76
25 35 83
80 34 54
19 47 15
77 66 55
51 15 88
60 69 39
63 63 94
20 91 33
91 89 88
90 42 0
50 46 1
49 35 59
48 98 78
42 42 9
0 15 12
10 3 29
69 79 21
93 61 52
16 5 77
69 24 97
20 74 77
80 32 80
80 89 89
41 27 1
84 37 79
16 83 28
25 98 19
57 72 67
29 92 52
4 87 96
80 1 93
40 80 92
78 2 4
13 32 15
28 57 20
21 88 56
69 92 60
63 74 75
82 56 36
52 2 13
43 24 59
20 16 18
2 84 79
4 42 55
63 70 69
44 64 77
40 74 58
39 32 44
35 64 97
73 14 49
50 42 68
36 24 24
92 67 10
12 18 99
75 65 85
29 19 14
82 26 30
72 49 58
14 83 86
9 3 39
2 9 77
4 54 63
27 86 26
59 95 6
69 56 21
53 61 11
89 34 43
99 31 77
62 48 44
29 24 98
68 10 25
83 50 87
78 50 66
46 2 30
61 33 76
9 56 10
49 6 17
28 17 10
7 92 98
9 34 20
69 22 52
36 35 29
19 11 55
3 73 45
7 95 87
22 29 42
24 90 12
11 29 10
3 35 20
38 50 86
44 70 87
53 19 99
82 54 0
75 99 1
52 5 8
40 96 52
29 39 32
31 67 6
29 15 65
71 50 11
35 19 49
14 67 91
14 11 83
13 82 14
0 74 94
96 9 54
71 77 19
0 87 35
40 0 57
61 6 93
68 77 60
71 78 36
40 97 92
60 3 27
78 10 5
87 94 58
25 15 70
54 59 0
54 6 6
43 40 40
65 56 79
41 82 92
67 27 33
68 64 86
27 96 87
5 53 77
21 54 40
31 48 73
72 64 39
45 18 49
86 8 26
72 56 30
31 22 70
12 44 26
8 86 5
6 88 89
84 20 68
65 86 2
88 37 1
96 57 59
78 96 19
45 88 83
27 16 14
97 35 78
72 2 6
5 63 59
36 43 49
70 82 46
54 79 52
90 31 97
15 76 15
18 47 46
98 77 55
38 67 11
34 0 32
22 18 24
17 76 40
60 24 61
60 50 85
46 0 82
90 97 26
19 64 80
0 88 94
29 34 22
25 44 77
89 0 83
14 84 89
78 19 25
68 18 44
17 50 17
53 0 15
9 50 52
81 35 95
60 73 23
69 64 82
70 2 36
21 73 26
21 74 36
95 90 42
35 68 1
26 14 11
89 14 57
6 97 60
28 65 23
56 54 38
8 70 7
72 18 15
30 8 12
18 25 3
56 16 19
12 94 9
96 9 87
77 30 47
38 36 87
0 78 18
63 89 20
77 78 4
90 22 28
6 60 25
75 76 67
73 31 93
8 12 37
12 41 39
24 27 17
20 48 88
85 31 45
65 29 41
58 14 99
73 37 5
20 80 43
52 67 19
65 50 86
81 41 7
87 72 65
71 80 4
22 11 31
62 32 27
73 13 51
55 52 51
35 57 22
37 27 18
51 87 38
14 97 92
29 63 44
98 61 87
40 75 94
76 33 69
82 72 23
71 58 12
36 76 45
52 50 83
28 9 75
57 65 22
91 56 98
46 70 40
19 25 1
63 2 22
83 49 81
54 56 66
7 44 18
15 23 25
60 89 76
65 20 99
93 82 93
78 87 43
27 24 76
59 93 43
71 48 28
56 38 18
58 1 24
91 32 46
43 33 39
9 34 83
97 41 90
7 15 43
27 29 89
51 32 96
77 63 9
0 35 11
26 11 49
16 5 48
93 26 3
27 93 77
79 59 4
77 51 81
31 6 29
83 37 9
46 1 26
93 30 37
52 27 95
94 34 15
41 83 63
59 45 12
51 82 1
83 29 8
84 83 18
16 79 74
48 72 56
64 3 57
57 54 60
90 30 0
0 7 82
91 14 36
90 98 91
11 87 3
98 65 5
93 4 57
0 33 98
29 6 41
8 33 3
0 51 86
5 83 28
58 51 4
9 74 0
73 93 66
46 20 3
60 35 7
9 70 32
66 12 90
22 27 63
76 45 4
55 26 31
76 97 99
86 29 96
25 33 19
45 73 74
1 58 9
91 25 71
93 86 46
8 69 20
83 53 2
31 14 44
82 70 27
22 61 76
57 76 99
20 35 13
42 27 28
5 89 63
68 36 52
68 13 3
21 83 90
12 13 15
81 87 40
54 40 58
9 55 10
12 80 12
90 61 78
42 86 29
61 6 62
54 7 87
30 89 79
18 44 47
50 90 57
46 38 5
33 47 26
67 18 19
33 34 39
57 84 7
34 5 99
14 85 48
24 81 70
57 43 30
70 35 79
24 38 47
21 51 99
55 58 3
1 14 93
3 32 70
34 61 55
7 11 78
11 39 35
75 61 64
29 75 2
18 69 4
35 33 40
84 2 64
63 37 87
7 84 40
54 21 34
83 53 45
29 16 99
86 31 50
38 82 18
63 72 53
65 86 92
32 30 68
8 15 10
10 78 27
42 85 14
6 51 70
22 7 16
12 15 31
31 11 47
3 11 69
91 14 20
23 76 81
45 3 49
1 91 66
77 26 26
55 70 86
70 85 7
55 49 90
72 15 18
51 2 81
9 78 85
53 41 29
51 45 95
86 17 2
52 40 77
27 28 74
55 67 61
70 19 46
68 88 91
15 65 49
79 73 18
78 84 59
36 99 70
48 92 93
17 33 2
7 87 60
74 10 23
83 39 87
8 20 63
61 23 73
69 57 2
10 5 90
27 39 80
8 37 31
70 51 47
57 19 94
53 22 91
87 9 81
15 8 59
88 7 17
21 39 92
91 28 51
31 82 48
59 95 5
72 30 32
6 81 19
20 27 61
87 29 14
57 53 71
69 99 53
27 51 82
22 82 6
71 63 57
66 59 18
25 31 82
15 1 52
49 37 11
89 71 52
31 17 47
34 57 45
62 56 57
77 21 1
78 33 45
74 72 77
34 3 24
71 58 86
50 55 67
45 35 22
73 69 82
52 64 2
97 26 99
73 41 61
95 57 64
50 85 62
33 70 79
87 19 65
77 23 42
54 61 15
29 17 35
81 54 51
91 8 23
11 22 64
63 98 74
44 65 77
82 88 76
80 25 54
1 87 8
69 83 95
1 20 18
83 85 85
77 45 9
29 5 5
11 33 82
85 0 11
97 21 40
38 93 75
97 83 3
69 31 11
19 81 27
98 7 86
69 78 18
54 21 29
60 73 72
93 15 28
83 48 65
29 10 37
88 16 31
17 60 8
2 24 14
49 28 5
80 28 24
15 92 32
1 4 67
90 53 96
16 0 20
82 14 18
61 34 12
57 72 44
95 37 30
90 62 21
4 68 45
45 63 44
44 81 72
75 96 71
97 46 54
36 0 50
42 13 41
14 46 4
80 26 41
82 97 55
23 56 73
63 15 24
42 1 14
46 8 89
34 76 44
81 27 56
57 26 40
8 13 72
77 9 5
61 19 22
59 76 5
45 27 40
59 4 52
45 77 33
30 88 91
49 32 80
6 42 69
66 16 73
74 88 29
95 79 4
13 81 19
96 96 44
28 37 46
88 78 30
33 86 84
91 30 23
69 76 77
7 10 48
77 70 14
86 25 75
69 38 34
18 0 24
11 93 76
59 82 70
13 64 31
98 11 39
95 17 65
55 7 97
82 65 50
88 14 20
33 15 62
79 40 91
91 43 96
55 23 11
89 22 82
26 9 88
89 96 64
9 7 87
44 27 93
1 49 28
83 55 21
46 87 94
4 28 0
80 12 34
62 39 27
61 26 14
15 9 87
46 44 58
73 41 27
66 94 2
69 59 59
97 79 78
96 95 91
95 93 64
47 9 2
58 49 10
93 55 0
8 86 15
36 79 35
54 12 30
53 98 72
2 78 27
80 25 50
69 42 52
48 44 89
52 62 98
44 60 95
81 76 19
48 37 8
30 0 80
9 66 4
92 44 47
98 6 62
72 60 8
53 41 68
15 14 22
66 47 5
68 17 54
92 27 58
83 46 25
74 30 66
40 61 84
32 34 1
97 71 80
11 56 41
55 11 70
30 34 14
87 3 71
11 7 82
80 21 79
7 40 57
99 85 3
95 46 98
41 42 69
14 25 47
37 68 48
4 24 74
28 86 74
90 68 64
73 24 10
85 53 66
59 76 36
58 61 24
25 66 2
21 68 72
94 74 26
35 25 80
58 3 79
86 20 36
95 9 56
22 10 89
9 59 25
57 75 40
40 14 93
90 37 56
93 82 10
1 83 59
94 23 29
90 6 7
48 65 23
78 27 22
36 14 80
94 4 59
31 17 69
33 66 60
66 45 54
30 10 86
17 57 15
16 6 53
74 13 59
36 66 9
52 87 85
28 83 83
85 3 92
50 11 25
4 60 58
71 56 44
81 15 72
27 11 95
50 36 33
21 44 3
92 16 88
21 36 65
31 57 58
62 39 2
48 11 81
19 4 52
43 2 17
37 89 45
23 7 18
45 55 98
21 65 99
0 42 30
98 85 17
34 79 33
80 82 15
77 63 98
73 6 83
71 90 10
48 31 95
34 77 48
80 6 40
17 68 78
85 57 34
8 86 82
67 32 87
31 45 66
4 81 43
55 75 54
7 48 38
20 5 83
33 3 10
33 84 57
85 58 18
84 82 74
2 36 37
21 23 89
13 3 9
53 70 63
1 91 45
56 57 9
83 49 18
10 95 89
75 6 19
85 48 4
18 92 26
24 46 78
17 23 44
67 20 74
98 97 41
44 57 93
26 23 45
29 32 60
51 76 75
89 37 79
17 56 59
38 21 58
36 98 87
41 20 34
96 90 93
91 60 61
50 13 85
24 8 49
19 32 90
79 34 32
87 67 0
59 30 61
55 53 45
26 14 1
25 59 58
19 22 99
56 66 95
30 14 97
65 25 10
24 30 36
63 98 97
35 80 47
95 45 87
12 78 54
99 26 32
12 28 11
69 51 20
67 44 29
45 4 45
18 14 48
54 27 73
44 9 45
86 99 89
6 89 88
6 55 58
86 11 84
10 94 25
72 70 67
33 26 47
33 79 68
85 39 87
86 53 43
30 56 80
55 27 74
88 27 6
9 3 55
56 6 80
76 51 25
15 15 38
62 86 76
90 10 65
3 93 40
50 59 54
41 45 64
17 42 16
87 60 87
28 13 34
20 69 71
96 25 95
2 23 43
93 17 66
55 72 48
56 84 92
4 3 66
86 50 54
84 67 38
72 11 85
42 96 69
95 42 29
81 38 80
36 14 35
52 92 43
51 94 40
61 39 17
20 9 53
99 53 90
95 75 16
1 21 83
88 21 16
92 81 29
72 28 93
82 31 18
44 23 60
75 61 87
34 8 85
22 51 20
50 13 14
65 41 55
27 64 34
36 44 24
41 32 99
67 21 43
67 44 64
91 90 74
3 54 56
88 26 89
41 30 6
67 66 28
69 47 59
71 52 7
39 10 25
54 53 60
16 29 35
87 42 41
8 7 77
80 96 69
77 71 48
73 3 97
63 21 91
83 74 96
30 89 83
79 25 24
57 29 82
64 54 73
34 82 2
30 67 79
32 34 11
10 18 24
44 9 34
30 65 69
94 8 50
61 47 9
68 89 82
9 55 24
67 92 17
43 30 9
56 54 30
22 31 12
40 2 15
67 25 96
34 37 99
41 59 1
58 76 66
45 51 22
95 51 38
31 41 68
94 6 25
28 45 19
74 5 39
82 48 83
25 4 62
79 28 49
34 83 92
0 88 59
98 1 7
95 44 21
62 71 69
47 87 7
14 38 36
48 3 15
77 0 86
22 46 42
78 74 24
1 20 41
59 3 36
21 69 57
23 45 12
10 20 22
96 50 88
95 84 98
19 43 2
84 63 88
74 15 12
72 94 32
9 34 86
14 99 39
50 63 1
40 72 81
69 76 70
50 55 55
35 52 72
9 70 59
65 13 34
22 38 80
66 26 78
58 95 46
17 22 50
56 45 94
72 14 80
72 71 62
54 51 6
77 11 1
54 81 56
57 44 93
88 33 90
39 94 38
25 74 92
59 86 21
83 65 33
69 21 6
29 96 23
51 54 89
27 56 70
74 57 67
76 17 74
97 52 73
62 18 67
85 16 27
6 49 23
66 11 35
18 39 29
52 18 64
40 53 1
64 29 87
0 47 50
73 33 27
68 78 79
67 12 59
41 72 64
2 73 4
20 94 25
17 31 15
51 39 45
66 88 93
46 22 58
86 17 92
79 3 19
89 90 20
71 59 93
2 7 66
33 2 59
75 13 55
68 48 55
87 98 40
19 28 61
57 36 8
2 19 6
78 58 97
84 65 28
51 25 69
17 57 62
83 21 17
80 25 11
82 63 3
55 90 47
45 76 45
31 40 23
38 22 35
85 51 94
83 66 96
60 40 31
65 14 18
96 19 80
1 60 17
67 22 90
37 90 24
85 79 59
48 42 50
70 90 60
69 33 12
9 13 38
24 55 47
82 14 93
13 93 52
51 1 71
79 46 70
74 10 3
68 5 79
75 81 37
22 47 19
89 1 11
98 3 8
47 72 70
53 85 86
81 45 25
11 96 70
61 58 65
22 64 83
89 18 68
80 35 36
51 42 56
5 35 70
32 23 35
60 47 1
28 53 37
87 92 21
8 92 53
67 9 75
50 72 15
17 9 89
27 26 23
94 91 34
1 95 81
83 91 80
48 26 94
41 99 4
98 13 29
86 13 74
25 68 33
47 86 88
82 38 22
17 47 67
49 42 82
29 62 17
41 76 40
14 91 92
98 16 71
45 78 34
38 37 40
65 41 95
60 62 74
4 71 89
45 70 66
98 5 51
70 62 12
45 13 72
87 29 84
92 81 92
5 79 69
81 74 63
44 38 58
17 80 24
46 98 65
77 33 82
54 20 93
38 25 88
73 25 88
49 89 4
37 13 59
68 73 29
32 26 88
59 86 14
7 39 49
11 48 7
83 54 35
93 0 83
3 30 27
31 85 75
38 17 48
65 91 5
49 3 59
68 10 9
11 66 59
29 14 63
27 67 40
17 64 33
50 85 34
44 26 70
57 0 4
70 47 72
19 83 62
74 67 7
10 50 20
78 11 83
60 26 72
5 87 5
87 37 82
35 20 22
93 15 66
44 96 32
17 19 80
51 10 67
95 68 30
64 76 80
79 72 65
16 45 90
73 16 74
38 31 67
96 1 66
87 38 56
81 71 91
33 75 35
34 16 5
48 2 96
44 6 8
91 55 26
4 0 73
53 87 92
34 2 68
35 61 18
49 9 6
95 69 73
1 1 79
52 96 21
48 33 23
79 30 24
16 43 26
47 3 66
31 1 18
82 53 64
88 80 34
60 19 53
96 66 79
35 4 57
75 71 57
39 29 37
58 81 20
36 21 58
17 58 1
12 28 15
83 1 20
2 68 99
86 80 78
43 58 91
32 47 93
74 44 64
37 67 52
97 45 37
31 71 65
1 78 17
14 19 68
15 69 83
16 61 2
11 15 9
82 39 46
94 35 67
87 50 73
63 39 24
49 92 26
50 13 78
37 25 77
15 20 58
96 96 84
22 27 86
7 48 4
67 71 78
29 80 29
40 74 89
61 51 80
4 26 3
5 57 71
8 60 84
93 97 86
82 66 28
30 72 13
21 85 74
46 2 82
95 30 0
41 24 98
59 42 67
88 12 1
39 78 92
7 92 45
96 83 90
22 25 58
20 54 93
29 91 78
58 22 98
31 73 19
50 12 37
30 75 28
81 42 37
73 82 11
7 97 28
87 59 46
39 54 4
87 74 2
0 48 72
29 68 59
81 43 39
20 10 92
97 69 81
37 36 24
73 54 75
30 39 77
14 10 41
70 71 22
36 12 47
94 28 9
29 25 69
60 24 83
74 3 28
88 46 46
15 20 91
0 97 54
21 42 66
63 14 38
25 24 38
24 42 43
63 32 0
97 21 3
6 16 68
77 82 17
71 13 27
51 4 44
57 6 67
15 60 16
76 27 47
66 6 33
13 43 72
35 39 33
55 48 26
27 56 25
12 64 26
31 91 3
82 37 75
41 82 17
43 15 77
43 91 16
61 48 29
34 82 61
54 5 30
43 97 43
6 74 16
53 75 10
95 72 51
65 6 39
34 24 68
81 22 50
86 65 15
67 33 18
13 92 11
57 46 73
96 89 41
93 78 35
6 45 6
45 51 78
89 27 26
42 95 81
72 94 7
97 19 51
81 52 72
88 46 5
85 61 91
95 19 96
75 99 60
89 76 97
38 96 82
51 98 42
81 65 12
67 12 81
19 35 27
65 35 70
52 94 49
64 53 91
17 36 63
83 6 37
50 49 37
26 91 61
7 63 10
10 42 35
43 58 73
73 75 85
72 75 4
87 61 4
47 3 56
31 6 41
12 20 2
48 46 19
31 86 38
94 1 5
51 92 59
52 53 53
79 23 86
74 51 89
24 77 84
18 17 15
51 3 43
13 22 79
15 79 72
55 29 85
36 52 39
81 17 4
55 44 54
26 48 17
19 90 46
40 0 51
21 59 65
46 90 70
43 3 50
67 51 80
51 9 66
7 7 35
19 64 31
96 9 38
92 20 17
23 55 26
77 64 45
51 21 16
89 89 61
72 25 88
68 68 68
31 88 64
37 15 95
39 26 14
34 56 31
78 88 67
98 13 43
65 1 0
35 3 37
83 43 32
79 77 50
91 50 69
74 20 44
28 1 41
81 47 46
72 52 33
47 81 98
18 16 27
23 51 7
10 7 72
59 37 17
55 93 85
15 0 75
41 65 8
94 43 97
26 27 37
27 15 34
36 6 86
11 8 54
84 70 57
16 67 59
51 58 7
8 88 78
70 14 3
92 83 1
59 0 1
95 37 52
83 65 54
50 91 5
8 81 81
59 68 29
41 47 12
44 76 73
2 88 55
97 17 33
84 47 21
86 14 96
15 41 93
51 27 50
89 19 98
59 53 28
49 94 73
24 84 15
50 64 56
29 14 7
23 43 33
80 70 72
52 34 15
50 1 45
1 64 3
3 3 91
0 81 27
69 95 71
34 65 58
63 32 96
42 44 12
42 78 27
7 85 56
61 6 69
73 31 4
83 80 95
65 6 37
38 52 62
92 97 21
47 98 23
96 24 1
72 39 20
89 16 25
44 42 1
54 18 46
96 10 29
43 63 89
21 81 33
2 65 17
85 42 68
63 84 7
27 36 84
33 63 89
3 94 23
28 79 16
63 29 94
50 52 14
73 12 45
16 46 9
36 70 67
21 34 26
54 55 19
54 9 60
41 47 57
33 38 72
68 80 51
14 63 33
76 63 31
95 85 75
97 8 75
80 59 67
91 7 94
56 70 36
82 95 95
32 36 54
26 29 97
65 14 60
93 74 43
3 32 33
7 90 44
34 63 59
93 24 98
85 88 15
72 32 67
77 32 92
11 62 95
93 47 59
63 40 34
90 34 14
7 53 61
60 65 28
29 49 47
84 99 73
45 44 33
21 64 20
95 29 36
51 52 32
66 0 17
9 18 21
2 52 10
35 43 69
93 14 60
41 20 60
8 53 98
98 67 20
81 99 52
88 67 64
21 23 88
8 30 53
31 80 59
80 20 77
45 72 39
48 74 96
29 45 68
28 6 41
76 5 18
95 1 33
2 4 59
62 81 0
2 1 90
18 28 32
87 90 31
38 10 63
7 46 76
17 7 66
30 13 40
13 11 67
18 21 55
24 90 26
60 29 94
39 87 37
70 84 62
9 21 8
95 96 75
32 7 63
30 27 70
90 59 91
12 59 26
66 36 74
61 83 52
99 39 38
78 32 95
59 2 26
94 74 32
25 4 73
93 65 43
90 21 72
75 18 95
12 70 97
77 58 60
70 49 7
34 95 29
63 0 52
28 78 43
44 63 93
85 79 65
43 31 91
6 82 2
56 22 16
36 81 12
61 91 24
42 10 51
0 98 18
66 97 27
67 0 56
36 85 95
11 3 9
99 30 85
72 46 59
36 88 11
90 89 20
30 61 61
76 19 37
97 26 23
48 24 69
95 19 60
36 35 27
64 37 78
24 88 86
97 77 10
80 52 57
0 85 29
85 29 60
58 17 56
17 92 93
8 65 2
93 92 86
29 51 93
26 14 26
50 25 30
32 50 98
10 71 41
83 42 73
32 87 75
12 39 37
5 37 21
54 30 27
0 84 95
36 19 49
17 86 5
67 41 60
24 80 96
54 69 93
17 69 91
83 23 57
34 92 26
99 2 94
2 75 24
76 85 54
27 55 8
36 84 44
26 48 53
11 18 36
38 66 68
61 70 11
2 58 44
19 65 9
56 62 15
41 13 3
9 91 32
57 7 51
1 62 12
28 87 27
40 79 32
52 0 90
48 94 92
12 65 0
51 45 50
15 31 92
96 62 43
67 84 19
34 18 25
3 98 71
72 50 43
15 89 89
98 88 94
21 63 63
60 62 34
52 87 37
65 86 7
82 60 67
67 34 34
37 35 30
63 58 78
55 59 84
58 45 64
55 81 4
61 53 24
88 71 26
48 88 0
26 61 5
62 12 36
30 31 46
26 27 26
59 8 76
1 23 96
11 93 82
93 91 93
12 32 54
28 88 24
71 73 23
24 66 24
12 32 1
25 0 87
10 5 23
9 86 95
39 85 87
57 7 28
53 89 23
4 38 74
32 12 77
5 66 69
76 13 18
16 25 69
2 42 60
15 74 17
66 83 6
25 43 97
19 13 10
31 57 86
98 38 34
75 6 61
59 92 57
74 39 11
40 21 69
59 44 55
51 61 19
92 78 38
74 17 29
12 66 1
61 43 88
76 47 14
84 43 90
32 14 23
10 64 41
1 89 28
39 61 26
86 95 36
45 27 78
72 89 25
44 54 43
36 40 13
17 0 64
85 88 62
27 24 74
42 80 60
50 72 39
85 33 91
52 8 48
41 71 25
68 99 47
34 53 18
67 67 96
5 44 65
39 15 64
13 38 99
10 80 14
92 98 51
5 64 26
34 23 80
95 59 94
91 73 1
49 28 67
17 78 69
93 3 36
38 56 21
18 81 18
54 1 74
10 59 10
59 41 92
72 32 99
69 70 60
13 13 98
74 53 92
76 2 94
34 29 85
63 62 25
31 4 99
88 38 20
92 8 76
38 55 16
31 59 82
96 89 35
71 11 10
33 80 55
89 41 92
43 19 73
65 4 82
12 2 3
77 28 74
41 72 76
62 36 52
73 36 2
7 61 23
36 40 58
97 61 72
65 78 75
31 14 23
1 81 19
0 85 44
14 84 23
46 0 49
30 62 38
68 43 31
41 17 73
6 74 42
94 22 70
60 86 16
83 86 96
85 22 62
96 29 27
56 61 89
84 48 41
26 74 47
38 9 25
62 58 31
34 78 80
52 37 50
55 65 99
93 49 71
63 9 47
61 75 45
6 68 51
67 68 84
45 97 21
84 75 85
54 46 19
70 46 76
27 43 15
77 15 89
72 46 56
98 49 56
20 26 19
93 60 80
92 45 45
1 90 42
36 22 31
15 31 9
93 27 71
66 81 91
14 80 32
86 63 26
9 89 2
55 23 35
94 20 5
57 93 81
12 29 38
43 72 25
77 24 79
47 64 56
80 56 97
85 59 79
64 24 65
35 79 58
88 44 1
40 69 40
31 75 37
40 55 79
73 97 3
21 26 40
29 30 62
28 63 98
19 76 77
8 45 20
25 5 24
49 18 76
68 21 99
65 64 45
66 63 93
2 61 27
15 82 50
44 61 97
23 3 34
94 4 46
76 53 99
14 79 29
90 74 76
10 49 53
52 69 84
33 59 73
11 49 80
87 97 20
70 12 57
9 12 36
12 33 96
5 18 7
82 49 79
59 27 62
35 31 83
63 64 35
56 86 24
99 77 1
62 28 95
58 82 41
89 57 76
59 86 88
61 14 46
48 38 52
13 8 11
90 49 94
62 34 38
36 10 7
93 20 43
17 8 2
41 1 9
61 36 37
82 42 20
36 54 54
48 82 17
0 11 61
61 23 88
58 95 45
82 67 20
67 38 48
40 28 3
39 60 34
40 32 93
55 2 82
71 20 45
60 24 62
96 95 57
70 3 70
63 90 32
64 2 68
74 24 19
88 65 26
99 88 45
30 83 92
58 93 90
61 59 84
39 93 52
40 0 98
49 64 78
89 47 24
84 72 62
24 14 48
48 77 96
10 1 65
1 33 40
82 51 16
69 51 65
10 76 91
62 29 11
69 28 91
63 71 23
87 11 85
81 83 32
43 66 73
7 42 64
21 75 4
47 43 42
94 24 7
64 37 60
2 13 38
82 40 83
1 65 9
82 19 9
89 10 95
66 65 2
33 9 56
92 57 30
88 93 40
90 99 25
90 43 15
24 88 5
18 67 9
27 11 47
46 96 91
30 52 33
30 57 86
86 54 87
20 6 19
1 41 41
84 26 4
22 95 3
81 45 85
70 62 73
42 12 78
77 68 9
47 50 2
48 52 72
42 12 54
74 26 81
23 5 24
45 21 66
50 56 67
64 66 33
43 36 45
33 35 98
5 95 79
63 50 48
29 35 55
41 55 95
14 7 42
78 22 96
37 26 89
15 32 76
77 1 68
7 72 48
5 89 53
70 10 53
54 35 12
77 24 17
61 83 57
21 47 36
4 0 85
96 95 27
20 60 19
39 55 26
42 14 49
52 76 16
21 90 94
27 41 20
59 1 21
52 43 48
94 0 27
43 8 72
20 48 19
0 7 82
14 70 60
78 52 3
11 62 32
65 70 59
25 2 80
73 0 0
80 36 12
94 56 52
75 18 56
11 47 61
94 60 63
86 44 44
97 3 56
91 18 79
34 69 11
1 1 20
0 53 3
87 55 10
14 36 77
19 93 9
54 75 89
80 42 42
35 82 42
39 65 54
94 78 96
55 80 49
9 35 88
75 60 71
14 36 28
72 36 14
3 71 26
49 73 25
91 57 41
96 16 21
57 75 20
22 57 32
76 65 39
57 18 6
48 95 91
77 3 81
48 34 95
34 49 52
52 73 86
16 45 59
15 2 57
14 9 0
29 25 66
71 51 8
9 25 43
10 60 90
15 81 18
91 25 80
55 94 92
94 47 13
19 0 11
83 13 82
11 52 54
47 40 34
85 48 80
37 14 73
7 30 35
63 60 67
70 52 4
40 58 21
96 90 24
60 83 99
69 35 64
92 38 10
49 36 61
22 50 15
70 72 30
54 35 99
16 56 42
94 99 29
86 27 88
95 38 87
29 51 85
80 12 22
49 40 49
55 38 25
48 7 77
94 60 85
60 70 16
59 13 81
14 55 11
54 81 41
17 22 85
17 23 85
17 90 19
16 53 49
80 54 70
15 20 16
96 23 35
70 49 83
29 33 22
93 11 0
19 2 28
48 48 71
13 85 72
0 4 87
33 86 4
86 54 25
76 66 62
2 24 67
14 0 89
69 43 14
66 9 0
12 28 93
36 59 43
19 73 89
31 24 24
45 52 37
72 84 22
92 32 88
4 61 54
8 94 45
97 50 46
10 82 96
0 4 6
88 73 8
51 50 27
25 51 35
79 63 78
82 65 41
84 13 71
69 62 74
59 74 62
76 45 8
30 53 29
52 17 74
47 51 85
43 27 84
48 45 26
8 78 4
92 5 5
67 23 4
4 38 82
99 6 62
72 84 51
22 86 35
95 65 98
45 95 46
82 63 95
36 38 45
25 30 32
48 21 33
12 55 69
18 59 39
12 68 43
49 51 9
10 99 90
37 37 33
93 76 70
9 83 95
39 74 48
99 85 33
29 74 79
57 97 86
90 56 73
26 61 51
63 12 40
68 31 96
16 65 34
2 85 4
60 69 56
71 68 62
7 72 48
46 34 76
13 72 86
47 59 95
70 32 14
58 78 53
70 8 22
16 99 76
37 75 12
28 36 62
14 28 21
5 48 31
70 33 57
24 49 89
31 68 24
14 8 63
72 9 23
54 28 11
56 51 81
9 88 12
4 86 60
87 81 44
44 49 44
59 20 51
40 91 75
0 66 19
76 86 7
4 7 42
67 3 22
9 54 92
64 95 81
90 32 18
62 40 77
91 41 58
4 33 58
4 47 15
77 40 51
97 65 10
71 22 24
22 90 22
38 48 73
77 60 87
33 63 93
75 56 21
52 88 33
16 82 62
7 20 9
7 25 78
17 51 1
10 10 60
20 91 14
52 18 74
24 47 26
57 30 51
75 81 47
83 70 26
86 11 22
47 55 58
90 52 4
79 20 18
10 70 76
82 52 69
99 22 90
77 13 98
29 38 60
60 63 49
94 14 70
57 85 67
76 44 70
95 44 50
86 26 50
70 49 62
99 55 43
23 77 73
9 32 94
74 47 30
14 82 29
75 60 85
64 79 32
89 91 53
28 2 14
53 22 92
4 97 98
85 80 23
80 84 96
73 91 84
0 46 18
5 40 98
34 53 54
39 42 33
78 48 14
91 61 29
76 38 91
46 3 52
29 49 20
94 84 44
71 96 2
2 39 87
46 64 64
43 19 91
51 73 34
81 32 49
44 93 9
22 81 71
41 41 80
19 70 67
4 22 15
73 59 15
59 72 25
59 40 17
2 21 51
42 68 2
45 93 11
63 83 71
48 12 30
44 16 61
4 64 0
63 60 81
38 33 21
44 52 69
70 48 77
98 53 91
6 27 97
97 72 79
33 18 74
69 12 90
4 10 16
94 60 72
97 56 14
81 11 20
52 64 48
76 20 67
30 55 57
34 19 33
28 6 22
92 32 9
41 76 90
73 87 83
62 88 39
46 83 23
53 81 44
49 4 6
3 36 4
69 25 93
75 58 34
23 91 19
71 44 83
83 36 48
88 56 76
11 51 27
78 41 13
8 96 91
5 93 49
34 11 60
97 51 76
33 96 48
22 34 99
49 26 51
67 2 1
98 9 25
93 91 59
13 5 9
61 15 70
99 63 58
16 89 30
56 27 74
65 56 45
14 87 83
80 83 71
18 64 25
48 38 82
92 39 58
13 92 89
35 32 53
97 68 34
92 61 55
63 63 47
13 68 0
18 93 12
65 60 69
9 50 20
8 35 89
67 87 38
46 31 13
58 48 19
41 86 19
32 44 68
96 95 11
50 41 55
35 87 88
17 47 48
46 46 8
18 13 52
62 64 51
27 8 81
39 14 87
29 96 9
30 31 28
16 20 35
99 71 88
27 22 99
38 84 26
32 62 58
68 38 77
73 86 96
62 68 65
1 41 41
15 18 59
79 41 87
90 58 17
75 88 96
76 23 73
76 9 73
51 84 48
63 77 13
38 36 48
63 48 72
96 78 68
35 54 59
57 73 55
0 97 49
35 30 8
15 22 63
54 1 5
38 37 8
99 60 78
29 10 72
57 0 95
85 69 72
38 26 6
59 78 13
61 89 83
82 11 15
28 75 45
56 76 84
99 13 67
36 48 86
0 21 85
99 50 63
54 77 5
46 74 6
4 86 28
13 31 87
54 92 95
30 72 41
42 85 66
70 59 18
58 75 11
64 35 92
66 81 4
0 12 31
9 11 87
59 83 62
54 83 81
16 79 69
7 79 31
79 38 81
66 3 90
63 14 52
88 84 51
49 48 14
19 77 19
12 47 74
74 40 0
53 62 28
6 47 32
95 14 72
53 90 38
0 44 18
56 23 12
45 49 27
6 44 78
15 87 94
33 50 65
17 85 48
90 70 39
55 54 7
66 63 26
41 94 26
27 18 60
23 11 44
49 56 58
50 8 30
56 88 94
94 76 27
95 5 17
8 91 61
33 22 69
73 87 79
10 1 70
31 46 70
15 38 31
4 70 20
50 90 0
7 12 59
25 3 95
98 73 97
98 7 67
99 72 44
96 70 97
36 46 90
6 38 43
8 16 47
60 68 41
79 63 61
82 48 31
33 10 14
66 88 28
37 3 83
81 72 14
29 84 48
93 24 76
32 95 52
37 15 80
58 93 22
14 23 72
17 32 39
43 54 24
9 66 88
67 32 69
98 72 57
58 93 29
55 9 43
41 24 89
60 74 94
58 70 43
75 66 77
10 54 97
68 59 47
41 63 79
47 43 55
87 45 11
37 47 43
94 12 74
99 91 86
83 44 83
56 64 7
70 44 22
47 46 78
83 2 16
42 64 71
28 91 26
73 51 12
79 54 22
80 72 96
67 90 27
92 25 80
48 75 49
67 86 9
58 14 77
18 86 52
68 66 78
83 99 3
27 5 55
95 79 8
98 56 76
59 12 80
64 78 1
96 81 44
65 30 32
8 6 74
63 14 39
5 45 69
58 90 64
34 52 82
19 60 6
46 93 75
80 91 24
40 81 18
11 80 27
80 22 81
79 72 75
5 46 80
0 16 97
83 10 88
30 30 34
84 92 14
93 46 27
12 2 89
70 95 33
22 47 61
54 36 67
13 13 65
38 79 48
7 16 38
58 88 82
87 38 96
13 44 90
85 90 47
94 67 92
81 8 71
6 36 2
67 5 5
64 50 70
98 17 64
96 66 0
78 40 47
3 67 62
30 56 13
78 89 18
93 41 29
53 25 4
40 54 25
60 61 55
86 86 76
62 76 23
19 45 85
10 29 75
84 88 42
13 35 77
49 15 97
25 14 17
50 8 46
34 37 9
85 11 99
16 88 41
72 16 97
95 54 83
14 1 77
57 95 12
66 69 44
5 88 39
16 4 71
90 95 30
36 86 58
90 35 71
22 75 24
30 42 86
34 89 74
78 30 93
44 82 73
86 97 2
14 81 97
18 50 52
36 88 16
74 35 52
48 85 93
53 5 28
52 58 19
52 38 98
91 77 9
37 94 27
36 10 75
51 25 76
64 97 60
22 24 48
65 7 21
63 89 31
33 10 3
91 62 45
77 66 22
77 67 91
77 21 39
30 24 20
32 50 73
40 36 83
19 11 46
55 10 83
38 51 51
85 79 16
27 4 11
78 89 69
63 12 20
49 12 75
14 73 10
26 6 81
22 13 97
6 49 83
79 89 98
26 9 12
34 51 33
84 85 7
80 29 86
34 50 29
35 76 83
44 35 11
8 93 2
69 7 12
23 86 80
10 48 20
88 60 4
5 59 30
10 82 3
97 86 85
89 63 87
22 96 68
99 77 6
76 16 40
32 21 72
77 53 96
96 28 65
57 7 54
95 71 48
33 57 6
63 56 15
99 35 61
63 57 79
69 14 95
57 14 74
75 82 35
70 76 86
60 38 9
27 38 63
96 12 52
62 14 30
38 91 29
15 7 66
85 51 63
51 15 92
51 38 45
28 7 37
82 66 78
3 5 62
46 47 54
44 45 17
98 79 21
69 51 38
22 65 14
95 5 75
36 56 16
94 15 44
95 38 19
0 57 75
13 27 97
76 72 51
44 16 15
97 87 80
31 35 66
55 92 15
38 99 27
68 61 41
7 45 8
37 21 52
75 47 51
99 14 27
84 20 10
85 67 29
70 89 70
87 39 9
88 65 11
99 96 26
78 21 43
23 7 78
52 34 69
55 45 16
37 77 59
74 86 13
68 33 77
78 51 74
3 85 97
47 89 34
64 83 64
70 7 44
55 85 87
41 2 58
52 66 0
72 26 60
96 25 56
0 48 28
77 6 53
47 89 18
48 1 11
0 31 86
87 63 18
4 99 18
91 87 20
58 82 47
44 44 58
49 81 6
40 99 40
7 51 93
54 73 62
34 30 36
84 56 30
64 57 8
69 22 30
34 47 49
81 11 92
1 86 92
13 74 90
62 51 94
5 36 21
36 94 20
68 45 84
8 32 84
1 21 60
45 30 21
93 50 87
22 65 80
17 51 97
31 68 12
90 17 15
26 24 2
50 69 80
68 26 69
7 90 35
0 89 48
64 81 93
24 87 96
42 53 80
65 96 82
2 48 86
37 87 14
23 41 49
67 19 67
18 30 52
6 38 58
54 95 84
81 1 59
34 25 20
81 43 17
35 61 38
96 2 32
37 0 71
39 92 26
94 64 16
20 90 89
29 81 65
59 92 17
4 64 87
27 59 6
93 83 81
69 89 46
48 96 83
89 67 68
34 56 72
81 93 48
49 74 56
80 84 43
48 51 43
22 66 68
11 81 11
3 75 70
15 21 41
92 39 81
20 59 93
18 8 13
6 69 28
80 94 3
42 17 71
55 18 54
65 36 76
91 97 63
97 71 28
69 63 95
61 50 22
24 21 4
38 42 93
15 12 91
77 36 62
41 50 60
31 25 17
52 34 4
91 72 26
18 26 85
66 33 33
38 43 41
75 49 81
7 54 96
40 41 42
17 2 45
95 83 36
46 42 95
33 43 5
5 99 80
92 73 29
82 2 29
87 75 74
69 51 5
41 45 41
55 39 83
59 32 10
32 55 13
76 16 44
72 60 83
53 44 92
48 65 72
81 31 59
41 64 20
49 55 32
59 79 42
40 92 93
14 88 50
34 94 78
52 77 72
94 0 50
48 45 5
84 46 57
9 12 16
73 17 87
45 28 68
77 43 61
94 19 45
13 83 34
38 29 12
58 54 57
18 33 53
2 83 79
16 84 3
83 41 60
15 98 6
28 75 15
97 31 22
52 93 78
94 24 55
37 0 11
9 76 8
88 31 26
45 59 70
86 7 27
95 21 68
67 19 4
44 75 56
35 92 87
56 27 81
77 34 64
54 79 37
93 47 82
65 44 44
82 7 65
21 4 67
30 74 68
2 89 84
10 16 6
70 71 7
18 14 22
4 91 3
53 47 37
39 64 85
47 2 72
10 19 60
95 92 81
78 11 28
69 91 90
46 29 84
11 29 6
91 13 77
20 73 13
48 48 39
61 75 98
77 54 67
31 49 48
57 93 43
11 11 8
77 73 18
56 24 57
83 26 73
25 16 86
82 60 96
93 21 65
27 6 70
96 79 9
4 58 13
40 47 62
45 7 54
36 93 93
61 74 96
99 11 16
69 4 69
17 20 43
69 28 24
3 12 34
69 52 40
16 68 84
15 12 74
66 7 57
60 69 99
67 24 33
67 72 8
26 42 54
45 67 6
36 20 67
61 59 63
51 51 68
79 79 79
49 33 47
7 1 95
98 99 5
92 48 15
65 63 73
57 55 9
15 74 58
44 69 29
70 43 64
42 52 99
7 73 25
54 22 38
52 58 55
30 44 67
87 63 67
19 96 7
47 48 43
91 97 44
0 86 9
18 77 81
85 69 24
26 71 39
1 84 96
72 15 21
13 86 44
86 7 50
20 60 69
56 82 6
62 61 75
93 14 62
54 65 71
5 93 2
56 72 80
21 14 17
73 30 54
21 93 3
68 63 68
45 62 70
24 8 61
0 55 53
12 22 63
49 94 9
44 13 86
31 25 38
98 27 95
8 29 17
17 23 46
78 39 62
55 90 55
41 36 41
56 54 10
44 72 58
68 30 86
48 65 16
95 96 2
59 93 93
29 66 26
31 83 59
24 12 45
54 76 2
74 57 96
1 19 35
30 96 68
53 16 94
97 0 3
8 12 40
56 38 5
51 90 32
83 13 74
77 96 37
95 34 81
5 13 39
28 62 75
77 85 80
18 60 1
45 12 30
1 12 72
63 56 36
2 16 94
15 74 32
77 7 89
49 22 94
84 22 53
68 11 57
26 71 59
97 41 0
60 77 28
81 48 43
9 84 86
23 81 47
74 34 54
65 8 66
55 21 90
95 95 67
22 82 78
10 60 48
67 77 15
42 12 61
77 38 33
12 71 41
9 97 63
28 1 13
22 42 59
67 76 78
40 24 23
35 62 46
82 72 7
89 62 80
57 6 59
5 18 21
98 60 32
15 82 80
11 6 9
19 56 70
98 44 41
92 79 25
75 35 15
0 99 1
47 66 30
13 95 98
74 98 1
99 54 6
32 41 81
3 63 52
44 3 42
79 19 45
91 80 63
68 68 85
13 22 77
55 79 64
8 5 28
62 19 66
45 80 60
16 13 6
65 53 66
78 65 43
6 57 65
86 82 67
89 91 33
52 24 5
53 19 1
69 80 58
18 26 85
10 36 56
63 52 55
91 31 31
96 28 79
24 16 96
2 32 57
27 14 43
80 43 42
1 22 46
78 4 18
21 35 7
42 19 3
69 16 6
68 81 9
35 68 15
96 51 92
21 34 89
11 9 70
67 99 19
50 63 61
33 86 7
12 29 50
12 29 63
91 51 42
84 77 28
49 42 67
76 86 33
70 11 53
56 11 41
16 19 79
62 48 56
96 49 84
22 17 3
63 61 18
27 36 8
91 20 11
67 8 35
32 10 74
8 37 61
7 39 92
10 1 28
91 63 1
3 93 25
32 11 99
54 43 34
57 98 54
17 99 89
84 89 66
81 97 23
38 94 15
54 43 43
90 87 52
99 32 25
66 63 17
63 52 4
80 2 10
47 7 69
55 68 24
82 24 52
74 20 34
82 0 11
11 36 13
0 55 31
56 60 20
76 63 62
40 43 70
89 83 37
91 13 23
27 13 39
97 3 12
10 76 76
97 80 54
42 64 4
32 21 59
22 16 5
92 34 23
84 92 94
83 23 81
64 68 72
67 69 66
53 61 19
55 97 11
87 20 17
59 56 81
0 44 92
63 11 87
50 67 12
95 98 61
17 6 1
15 29 77
61 54 99
4 91 64
76 13 15
9 67 95
18 27 58
4 86 73
62 36 83
67 18 43
43 49 80
13 53 70
44 60 22
17 5 53
95 49 20
1 77 43
52 81 63
76 15 96
21 44 11
50 64 95
35 6 26
14 9 63
48 80 25
29 92 11
79 18 40
77 47 28
49 86 46
40 67 84
9 54 74
14 82 81
47 56 18
42 91 60
78 81 76
93 2 37
34 88 59
15 87 50
97 2 59
37 31 89
35 58 51
10 14 69
20 13 21
67 10 81
97 51 88
77 82 38
65 69 97
22 57 8
85 43 11
69 46 12
49 4 41
94 73 56
29 11 32
80 18 4
78 82 61
60 50 17
19 0 98
96 18 3
34 93 73
80 13 74
1 44 64
75 6 72
68 59 46
44 72 54
21 30 45
84 19 10
88 68 4
4 76 80
86 18 42
6 89 55
67 12 13
61 47 86
28 87 3
87 75 60
17 16 11
68 71 28
72 37 72
77 90 55
31 87 67
60 84 64
20 20 77
85 7 16
51 86 27
9 51 82
54 23 55
39 86 86
33 8 62
63 5 31
4 63 84
6 7 22
11 27 16
36 27 39
30 19 77
97 62 35
72 56 14
43 74 25
90 25 53
29 9 45
34 77 22
95 11 88
74 72 0
17 84 77
15 43 73
86 31 59
79 60 88
35 15 50
65 25 54
30 13 48
60 75 64
48 32 71
49 16 89
54 14 86
49 5 56
36 48 88
48 26 29
9 77 24
64 8 82
74 5 76
56 5 70
47 8 23
6 19 24
8 6 47
51 53 33
72 93 65
3 74 86
48 58 25
96 32 33
83 60 23
89 37 49
55 55 57
39 33 15
54 89 43
23 48 55
29 50 57
16 32 38
20 26 99
42 56 80
48 87 81
53 78 64
39 20 21
3 63 2
77 98 70
70 47 20
10 15 9
0 42 18
30 83 2
75 64 4
40 1 78
3 59 1
25 32 96
29 71 86
72 16 20
73 44 90
67 48 43
71 55 99
31 65 41
41 75 61
46 55 93
23 61 37
95 72 38
84 97 98
38 28 4
38 28 1
33 9 42
56 6 34
28 65 33
18 13 44
38 39 7
25 33 17
33 4 30
81 46 6
60 33 24
27 26 74
35 31 22
45 77 47
92 80 11
36 18 11
95 10 61
46 30 39
94 24 51
88 74 2
77 4 35
90 91 25
75 77 65
47 14 68
48 91 0
80 64 1
84 56 29
81 10 65
79 7 62
18 43 30
62 30 17
47 72 10
53 94 91
44 19 19
0 78 52
71 64 16
62 34 37
57 35 27
20 71 68
76 19 92
79 92 24
32 93 82
57 76 43
85 62 17
93 74 16
12 44 63
12 71 10
79 34 89
56 47 64
5 74 61
88 75 21
59 23 72
12 44 70
80 88 87
64 84 68
92 95 50
87 3 60
90 37 37
24 91 18
52 58 18
98 33 32
58 49 78
27 26 23
3 77 63
4 53 99
46 24 1
21 40 82
71 44 67
85 4 27
84 94 67
57 46 14
79 15 58
92 78 19
95 49 64
92 47 67
89 20 30
70 42 69
63 46 22
58 1 96
73 55 40
68 74 94
63 62 41
80 99 50
71 47 88
86 62 24
50 49 73
24 91 62
37 77 84
61 36 73
59 34 13
31 76 32
46 16 54
89 82 93
50 40 18
4 77 25
28 17 41
13 31 62
78 67 90
69 38 77
72 94 60
5 43 10
66 1 69
18 83 33
0 2 30
74 28 77
87 37 5
47 49 19
11 75 23
85 40 42
72 51 89
45 95 86
36 67 37
86 37 63
24 41 53
83 74 43
7 16 96
97 51 62
44 71 65
9 77 53
44 94 28
64 40 16
17 16 46
14 38 56
17 67 48
34 94 68
64 60 26
2 20 85
58 41 6
80 27 62
25 25 5
68 10 22
63 87 56
12 98 6
53 14 69
38 15 21
70 22 16
7 37 32
25 55 55
49 58 24
51 19 42
7 11 4
80 45 20
73 79 71
39 97 46
67 88 6
59 88 9
24 23 54
26 66 86
4 4 79
90 80 63
76 90 88
8 85 81
96 96 21
40 61 46
52 77 69
13 23 75
82 4 36
27 89 79
7 8 2
61 8 35
82 17 82
91 8 17
87 56 53
8 82 16
44 80 13
30 70 96
51 68 91
37 3 27
25 38 95
3 42 40
33 82 41
20 74 65
17 11 41
73 58 39
57 44 28
77 45 18
61 46 26
37 99 65
91 86 8
31 72 21
18 47 18
27 73 99
46 19 83
6 87 70
71 60 65
66 18 97
30 88 69
63 16 25
67 76 59
52 40 58
35 44 13
72 65 88
18 91 9
11 68 79
84 64 51
75 27 44
19 22 99
43 49 39
37 32 27
37 38 13
41 22 63
59 51 2
71 32 87
39 54 5
25 2 35
1 86 81
43 0 25
81 13 37
49 23 99
55 49 71
63 4 11
19 76 98
80 81 1
71 88 24
99 31 72
4 9 24
51 67 96
16 90 48
94 41 34
50 23 85
89 44 67
26 63 17
35 87 65
97 11 89
39 65 92
64 7 72
40 88 10
14 62 30
12 17 39
41 42 90
73 74 54
25 95 32
93 59 2
0 33 33
50 43 47
11 65 72
68 73 70
90 71 74
96 44 4
88 58 91
80 68 26
44 37 12
28 7 64
29 8 82
57 81 89
58 22 51
59 47 5
72 94 73
43 98 6
11 12 21
9 2 88
24 90 36
52 11 81
10 70 3
3 61 4
98 89 97
89 99 69
49 90 81
73 9 74
75 63 63
82 98 37
64 64 61
8 36 41
18 52 96
99 10 71
67 6 27
10 51 80
46 84 86
19 42 1
54 23 24
44 11 2
64 54 72
57 75 55
98 6 72
77 14 98
71 22 0
47 43 47
53 64 24
67 66 17
21 11 0
35 11 79
97 34 89
64 70 56
27 95 4
72 45 46
15 10 12
76 68 2
81 12 91
78 20 89
64 64 53
82 84 55
11 83 50
46 55 20
0 60 11
57 56 38
13 19 34
4 48 11
84 29 88
51 0 82
37 33 32
74 45 82
53 45 48
36 13 29
90 29 53
37 45 22
9 21 47
51 48 9
22 10 67
47 3 47
26 55 24
31 36 66
21 27 38
35 32 64
82 78 2
11 68 23
19 97 66
16 25 97
64 79 54
41 86 62
91 97 40
20 16 44
5 66 39
2 97 51
9 92 99
79 29 79
98 27 14
35 6 47
89 87 15
94 97 91
68 93 45
82 59 86
13 54 62
43 82 23
48 5 10
78 41 0
8 77 10
35 70 93
39 32 67
49 58 64
16 4 25
50 98 16
55 99 11
14 91 45
25 91 40
15 24 71
56 57 37
42 42 62
34 89 74
32 27 72
93 95 57
5 35 4
18 69 75
1 96 54
21 70 65
76 51 84
50 15 87
47 2 25
34 81 92
37 16 83
76 85 30
5 57 34
13 19 5
21 99 45
25 81 25
81 95 22
68 34 40
64 78 48
39 95 12
31 39 32
85 30 1
27 92 6
42 42 77
37 97 65
28 9 82
27 34 80
22 16 89
86 12 79
3 56 21
99 82 98
0 34 17
12 40 6
74 76 60
7 74 13
11 26 97
30 86 64
25 24 23
93 16 40
0 29 53
18 9 70
63 10 49
59 64 25
17 53 0
92 87 92
20 11 70
83 24 63
36 16 70
65 94 61
1 98 15
58 84 90
0 73 24
82 78 86
34 68 86
31 66 4
51 32 90
47 74 12
64 72 42
9 92 18
35 76 81
24 66 63
30 9 12
1 58 63
76 87 27
81 41 16
48 8 40
80 27 2
64 83 70
8 9 60
37 0 39
30 85 23
1 36 22
88 26 24
77 90 18
67 26 61
11 57 56
85 7 78
57 45 1
33 91 74
89 93 53
20 26 74
50 23 99
83 16 61
32 43 35
9 82 98
43 36 45
30 74 32
14 14 61
9 67 35
74 77 97
93 13 38
22 29 6
93 59 59
9 15 48
34 49 76
22 95 79
42 82 6
45 36 56
34 36 55
94 34 81
58 49 54
8 5 0
25 8 65
70 25 70
11 77 56
86 23 11
60 47 65
7 52 52
91 81 11
80 39 22
57 98 79
52 54 16
55 4 25
47 49 11
7 30 31
61 32 73
41 31 12
16 9 66
56 67 37
92 66 47
71 21 70
23 19 75
56 10 95
16 65 69
83 33 69
96 83 43
84 96 2
53 85 90
49 76 3
38 33 73
59 3 33
73 11 41
9 22 45
76 52 89
92 83 80
23 15 2
68 41 79
27 45 85
49 28 32
75 43 97
48 87 66
2 19 0
62 70 6
89 6 51
36 68 70
94 94 15
90 83 51
53 49 33
57 49 14
76 91 37
56 1 28
63 81 44
87 73 89
78 60 50
43 63 12
87 24 74
70 3 48
62 89 48
89 34 46
95 90 81
62 13 96
39 18 35
16 97 27
4 59 57
88 29 49
26 59 26
14 47 79
77 85 13
11 20 2
0 58 32
16 34 60
8 28 59
90 1 66
23 89 14
3 14 68
36 1 18
99 2 0
45 39 90
40 41 0
57 90 39
73 50 19
1 46 91
97 9 3
59 22 92
95 87 14
94 24 68
48 68 92
77 29 75
80 81 36
87 61 90
80 58 5
24 30 66
23 96 56
29 13 47
34 4 11
28 18 67
90 69 37
59 55 27
40 23 96
71 80 48
65 40 49
50 50 15
88 95 99
45 50 41
63 96 46
59 46 42
3 47 19
91 74 59
77 0 9
6 87 32
61 42 22
73 32 92
50 62 28
93 13 62
21 47 47
29 91 11
23 20 12
3 41 82
44 21 59
26 10 74
15 70 34
16 77 97
88 74 69
19 22 95
41 41 50
11 56 27
58 61 89
58 60 27
20 3 30
88 13 39
20 4 49
52 13 5
74 99 28
24 50 76
18 18 61
14 64 41
50 74 77
62 46 6
18 75 73
73 62 34
41 88 98
42 60 63
87 53 11
50 92 68
22 89 43
39 9 61
25 56 7
9 36 77
71 61 84
48 34 84
70 64 70
72 92 65
75 98 14
37 98 78
59 87 15
83 57 49
89 20 35
74 4 63
73 14 1
64 16 73
23 94 65
15 4 97
31 16 77
22 61 51
5 84 70
25 3 3
23 84 83
1 6 29
42 65 82
79 95 97
6 44 67
21 83 69
20 90 73
68 76 42
96 68 90
73 87 78
71 44 20
97 5 71
15 94 78
38 90 80
8 12 8
66 79 36
19 55 72
55 35 61
15 24 70
63 13 7
51 23 98
69 14 14
2 13 60
88 42 69
35 47 2
71 64 34
92 69 2
96 87 18
5 92 96
48 55 39
39 37 35
0 15 79
37 14 11
29 56 42
21 84 87
71 59 85
13 29 32
35 54 72
31 92 73
92 75 29
78 25 37
66 88 74
77 97 58
7 96 75
77 40 38
86 60 4
88 30 77
85 4 96
84 27 63
30 98 98
14 27 46
13 64 98
44 96 11
18 98 61
95 4 29
21 23 40
38 75 34
18 86 21
71 48 41
81 15 37
59 21 26
9 15 25
68 75 27
13 9 90
21 16 70
8 89 8
69 28 68
60 34 33
75 36 89
24 32 23
59 78 43
58 67 72
56 30 81
34 85 47
17 39 1
58 90 32
32 74 79
39 68 89
75 70 39
89 10 72
66 94 9
38 12 70
38 6 69
71 32 38
8 84 83
18 37 34
15 97 70
78 63 60
87 50 12
45 53 71
59 86 70
54 37 50
60 85 70
33 82 38
67 7 6
77 45 33
16 64 20
47 43 76
15 54 43
17 45 96
41 95 30
90 6 88
12 59 98
6 0 61
22 6 3
49 15 67
12 61 21
7 82 56
81 16 44
76 24 6
15 4 30
10 65 81
51 44 80
63 35 74
5 95 8
19 75 21
45 7 26
40 45 15
4 52 39
0 59 39
93 30 54
59 94 97
77 22 12
28 21 92
76 72 43
40 40 56
97 44 48
92 96 38
58 98 62
3 82 38
22 46 6
62 73 35
28 91 88
7 62 49
19 63 99
99 56 68
64 34 43
16 36 26
70 21 78
85 6 37
21 69 16
0 33 63
64 91 10
53 18 76
89 83 13
80 35 42
87 21 53
47 51 44
42 57 1
18 17 3
53 21 25
9 27 37
88 68 13
4 36 53
2 9 92
41 94 99
65 71 22
87 15 4
91 94 92
93 78 38
27 73 92
19 59 1
28 80 67
59 26 10
76 27 40
70 18 43
31 49 71
18 70 32
60 74 33
38 36 78
92 10 99
77 8 25
8 87 55
95 81 76
91 68 68
82 95 31
79 19 79
46 96 81
83 45 32
16 17 64
99 96 99
66 80 30
27 90 40
90 36 12
73 5 54
64 43 60
96 55 92
54 29 11
65 93 38
53 68 69
24 15 86
21 15 10
51 14 24
78 20 55
72 10 92
53 91 7
88 28 60
76 47 93
52 69 30
4 14 20
9 66 51
47 39 98
11 77 51
28 64 62
1 78 64
53 49 95
84 45 74
41 39 32
32 61 40
34 31 83
2 4 94
37 81 90
94 20 6
62 69 21
97 72 91
8 62 88
4 76 24
8 15 89
16 27 22
72 46 80
3 39 16
75 58 33
52 45 65
67 59 65
44 20 95
88 73 41
73 53 77
29 33 21
39 31 93
87 55 9
89 62 48
51 63 23
57 35 20
42 75 94
13 96 5
29 71 69
72 16 35
49 72 25
64 14 72
2 8 4
5 61 94
26 39 51
85 57 3
85 14 30
50 65 86
4 87 77
18 50 72
35 96 48
92 43 81
13 50 28
55 39 15
54 86 70
48 20 68
58 84 11
89 75 42
19 17 95
95 37 93
73 56 17
78 90 28
70 72 66
85 59 94
79 18 14
81 45 84
36 9 58
53 5 67
96 92 4
47 51 66
68 66 32
22 73 66
99 25 65
32 70 84
19 51 87
33 29 97
43 41 27
80 37 54
25 85 38
71 27 23
52 68 95
98 47 69
24 76 27
39 89 79
36 34 83
37 59 6
56 35 64
62 54 21
95 59 9
53 12 64
55 12 49
2 3 13
43 57 7
41 27 82
85 1 68
19 3 16
56 25 27
18 62 0
38 68 76
4 43 24
52 24 68
42 58 41
1 11 21
71 68 96
95 85 76
92 40 16
36 23 76
98 1 89
39 12 68
89 38 42
19 80 15
20 20 12
6 7 14
50 43 33
97 47 22
29 60 14
32 70 24
47 4 47
70 53 88
87 90 20
0 39 81
91 36 83
37 60 81
1 13 5
35 36 3
11 16 53
39 53 43
35 64 67
52 11 47
33 58 86
94 33 22
30 61 95
76 33 92
62 68 37
32 60 5
16 83 38
36 50 18
12 32 30
6 11 28
77 52 59
72 21 7
74 40 72
65 30 93
79 59 66
47 13 36
64 37 32
37 6 58
83 79 95
83 8 88
16 74 15
97 8 44
43 70 79
65 62 91
40 49 50
24 94 61
16 41 89
60 44 85
82 19 5
87 6 76
87 61 82
4 4 89
86 17 60
31 56 2
40 73 81
25 65 87
95 5 22
18 1 92
37 55 3
9 93 8
21 28 61
75 16 29
29 46 27
55 9 60
28 24 85
21 76 85
23 63 54
36 81 53
63 48 12
83 36 38
98 79 30
83 78 37
57 68 47
81 43 43
83 68 53
40 50 51
67 9 2
90 85 91
3 7 16
29 5 93
21 54 10
33 31 35
51 18 22
15 28 37
10 55 8
93 12 50
27 16 91
26 86 68
98 14 40
61 72 19
84 0 18
70 10 57
77 43 9
40 59 56
85 72 55
66 12 63
76 82 30
94 44 7
17 0 93
0 90 45
8 66 54
0 1 38
25 51 18
84 67 69
80 6 78
48 76 14
54 65 70
60 20 42
85 10 73
50 19 16
67 70 73
8 15 17
9 80 43
47 38 70
58 47 82
48 71 52
97 59 11
60 56 16
2 92 18
68 56 4
57 99 23
21 19 5
56 46 14
5 0 99
30 50 80
19 1 69
91 97 77
27 54 53
64 58 59
2 21 84
40 8 9
63 57 93
77 48 16
37 65 28
52 86 3
52 23 48
92 61 48
10 35 8
80 31 70
38 83 22
83 68 52
11 76 26
29 61 8
93 10 31
35 30 94
94 89 31
2 58 98
10 68 91
92 67 82
38 8 53
21 42 96
54 76 43
79 19 90
86 86 88
81 70 79
99 60 72
89 48 13
36 35 29
60 2 6
18 7 93
38 43 4
94 78 37
23 48 58
61 55 42
38 59 17
53 14 60
40 71 94
68 52 87
49 41 8
55 53 53
90 66 8
58 93 55
74 53 9
32 27 49
47 89 92
60 19 32
46 43 97
32 63 88
43 93 46
31 6 93
38 37 4
56 42 6
96 69 28
69 91 2
40 19 56
18 56 23
0 26 2
40 61 33
41 11 51
77 19 62
37 25 69
40 46 32
78 57 70
32 42 95
61 27 3
44 78 3
91 47 39
9 21 99
31 80 25
44 73 46
12 59 93
4 95 78
42 18 19
93 64 97
93 72 38
28 63 22
78 24 92
63 96 9
20 34 94
39 39 31
24 18 80
82 29 75
95 66 95
50 71 42
86 19 23
49 38 60
19 79 57
26 12 94
34 28 46
90 45 87
10 56 43
57 6 78
52 14 69
3 52 47
91 78 44
24 91 82
81 4 84
98 81 50
49 78 6
64 16 35
33 39 33
88 96 99
27 61 57
60 65 74
41 4 47
64 73 97
26 34 46
43 71 98
36 65 82
72 44 65
35 24 55
8 67 27
21 19 40
61 82 59
54 64 21
28 33 81
68 44 68
24 0 47
80 18 33
59 92 11
70 30 10
99 76 95
62 74 66
8 30 27
48 55 47
64 58 42
67 27 42
32 37 95
87 40 77
34 28 12
30 27 7
72 48 99
11 80 28
79 19 51
65 3 15
94 75 74
32 86 12
62 92 57
67 63 75
21 6 53
93 43 9
4 79 8
90 15 60
97 54 64
96 93 27
80 43 38
98 48 48
55 32 99
45 94 14
17 38 15
43 85 15
49 81 11
23 69 60
79 14 55
78 15 98
36 57 16
55 35 49
29 55 10
95 50 88
25 87 18
95 39 34
69 44 88
14 50 54
83 19 59
92 45 35
78 45 25
85 44 32
59 29 88
40 26 71
59 10 94
92 4 1
64 14 80
42 15 57
12 3 71
45 28 50
23 3 34
42 98 65
47 34 64
31 72 30
38 9 65
83 31 93
9 67 27
94 33 36
99 59 55
12 62 71
27 21 58
63 77 41
17 6 26
73 14 98
72 0 73
67 5 26
84 95 22
16 48 90
84 15 31
54 60 68
17 32 18
0 12 40
41 92 59
13 83 53
77 29 99
74 80 43
77 25 45
60 56 89
59 45 37
68 62 26
66 50 76
77 47 67
53 35 16
83 89 78
0 61 57
13 73 13
96 36 58
7 90 38
33 49 21
33 33 50
57 46 3
99 8 4
69 45 20
78 86 90
53 88 9
89 66 14
43 40 29
30 47 28
90 94 20
68 3 55
97 45 20
46 2 82
0 94 44
71 53 71
44 74 55
67 63 24
72 41 17
24 58 12
82 48 48
35 2 42
60 88 24
30 12 83
19 24 46
20 27 26
94 18 42
71 65 18
42 1 5
94 20 26
25 27 7
4 78 75
0 49 99
43 94 66
90 1 8
16 43 54
18 44 76
97 72 40
78 32 95
12 72 15
77 21 77
84 86 19
39 79 83
6 92 64
11 31 55
79 42 3
64 84 26
1 80 22
72 49 72
53 23 23
63 62 99
6 73 87
85 61 20
25 70 89
19 65 21
95 35 56
41 9 99
22 50 20
99 22 79
55 13 62
85 55 26
5 0 63
75 22 22
61 94 46
67 49 96
45 96 14
3 20 8
92 26 79
99 53 10
20 84 10
91 98 27
25 55 12
95 81 26
38 37 12
70 60 65
92 67 49
8 59 1
61 29 70
43 89 58
32 26 58
4 95 11
56 80 9
50 47 17
77 65 28
19 46 80
54 12 44
10 21 37
28 18 30
30 52 47
8 84 80
96 47 52
20 58 23
56 30 95
52 80 2
34 7 43
65 7 48
37 47 94
75 90 26
84 26 59
0 3 8
53 64 53
99 9 79
97 63 99
3 2 58
69 92 78
94 46 64
89 5 5
95 12 53
33 37 2
82 31 63
38 54 8
42 60 50
92 14 10
42 58 57
15 93 75
9 31 74
78 63 1
42 59 96
54 50 96
42 12 36
55 40 14
49 84 34
79 71 96
43 71 92
26 40 2
6 22 66
31 98 31
64 12 24
23 72 13
80 91 56
81 23 18
56 79 75
90 70 34
9 61 37
89 6 22
25 95 89
68 51 46
27 38 82
71 51 61
54 33 37
