1 5 5
0 1 6
6 6 8
0 1 9
2 3 12
3 8 13
3 11 14
0 4 16
1 3 16
11 13 16
0 11 16
1 16 16
1 12 17
7 16 17
2 9 18
5 10 18
1 8 18
2 8 18
9 11 19
8 18 19
0 9 19
1 11 19
2 10 19
9 17 19
11 16 19
1 13 20
1 7 20
9 19 21
1 7 21
2 16 21
2 3 22
8 16 22
4 20 23
0 20 23
11 11 23
19 22 24
12 14 24
4 12 24
0 15 25
1 18 25
7 9 25
6 24 25
15 16 25
7 8 25
16 20 26
5 23 26
1 12 26
10 14 26
3 15 26
2 11 27
8 25 27
2 12 27
1 21 28
2 9 28
0 20 28
10 19 29
0 3 29
8 12 29
5 28 29
12 12 30
0 22 30
11 13 30
12 20 30
14 26 30
21 25 30
4 21 31
12 23 31
0 13 31
3 24 32
17 29 32
28 29 32
29 29 32
13 22 32
4 24 33
22 25 33
3 31 33
22 24 34
2 12 34
12 15 34
5 19 34
15 25 34
3 5 34
18 23 34
7 13 34
21 28 34
20 25 34
2 32 34
3 19 34
1 28 34
4 17 34
18 24 35
5 27 35
2 28 35
1 22 35
3 13 35
11 13 35
2 21 35
1 33 35
1 26 35
9 9 36
3 14 36
32 34 36
2 26 36
6 8 36
3 31 36
32 34 36
3 19 36
8 23 36
22 25 37
5 36 37
4 23 37
12 37 37
7 14 38
9 24 38
5 32 38
0 2 38
18 37 38
32 33 38
14 36 38
8 38 39
18 22 39
16 38 39
0 2 39
13 14 39
28 37 39
22 28 39
0 40 40
0 13 40
23 26 40
22 25 40
3 33 40
0 25 40
6 20 40
22 27 40
8 20 40
2 28 41
13 18 41
0 4 41
10 28 41
16 33 41
1 41 41
6 41 41
3 29 41
6 28 42
5 23 42
22 42 42
7 11 42
26 29 42
8 31 42
9 13 42
10 10 42
16 26 42
6 23 42
40 42 42
18 19 43
3 21 43
9 41 43
7 12 43
16 27 43
12 19 43
10 18 43
1 39 43
0 27 43
4 16 43
8 9 43
31 43 43
22 40 44
4 10 44
9 18 44
24 25 44
0 33 44
10 13 44
39 41 44
13 15 44
26 34 45
35 44 45
19 37 45
6 38 45
15 22 45
23 43 45
15 36 45
20 45 45
19 29 45
0 6 45
37 39 45
1 24 45
0 14 45
36 45 46
23 38 46
28 31 46
24 34 46
27 35 46
37 37 46
25 31 46
4 18 46
31 34 46
14 36 46
18 45 46
22 41 46
16 41 46
24 45 46
10 11 46
20 22 46
14 20 47
15 37 47
19 33 47
26 39 47
16 34 47
8 20 47
3 19 47
4 42 47
13 40 47
32 44 48
21 29 48
0 5 48
42 46 48
15 15 48
0 21 48
24 27 48
22 25 48
9 35 48
8 10 48
6 40 48
8 15 49
26 37 49
15 43 49
42 48 49
9 13 49
3 28 49
5 10 49
26 43 49
0 47 49
2 48 49
8 15 49
2 32 49
18 35 49
1 6 49
7 10 50
11 28 50
1 49 50
40 47 50
40 45 50
7 40 50
2 36 50
8 37 50
0 34 50
20 25 50
3 30 50
6 48 50
12 28 50
22 50 50
19 28 50
6 42 50
26 38 50
4 44 50
0 25 51
6 8 51
1 27 51
5 16 51
16 34 51
36 45 51
9 16 51
13 27 51
29 30 51
17 31 51
0 14 51
35 36 51
12 49 51
2 47 51
39 43 51
35 39 51
34 47 51
15 16 51
33 39 51
16 41 51
8 44 51
23 36 51
4 22 52
5 19 52
31 32 52
9 35 52
1 41 52
41 48 52
7 12 52
1 33 52
18 34 52
0 30 52
17 27 52
1 49 52
10 20 52
4 37 52
4 9 52
5 12 52
12 48 52
9 48 52
6 19 52
20 41 52
4 41 53
15 51 53
17 23 53
20 33 53
23 36 53
2 12 53
4 12 53
27 31 53
12 52 53
24 46 53
9 35 53
5 18 53
5 20 53
2 37 53
9 33 53
15 21 53
7 24 53
2 48 53
2 14 53
4 37 53
13 15 53
21 23 53
14 32 53
1 43 53
4 20 53
49 52 53
26 42 53
3 30 54
4 21 54
23 47 54
19 43 54
33 40 54
1 6 54
6 51 54
10 21 54
21 37 54
20 48 54
12 35 55
9 46 55
19 29 55
8 40 55
13 35 55
17 24 55
8 50 55
12 49 55
25 52 55
8 52 56
21 37 56
0 36 56
8 36 56
13 45 56
17 45 56
22 48 56
18 32 56
7 15 56
10 41 56
6 10 56
34 48 56
34 44 56
41 48 56
19 45 56
0 29 56
20 51 56
5 50 56
1 12 56
37 53 56
10 21 56
4 48 56
22 37 56
9 10 56
39 46 56
28 38 57
8 14 57
32 46 57
10 41 57
23 53 57
6 46 57
6 23 57
12 43 57
9 29 57
44 56 57
45 53 57
8 21 57
17 42 57
48 50 57
28 56 57
34 37 57
10 48 57
26 42 57
27 41 57
12 13 57
2 52 58
2 6 58
11 46 58
9 24 58
44 54 58
35 36 58
6 15 58
53 55 58
20 26 58
2 30 58
5 14 58
30 33 58
15 33 58
8 41 58
0 8 58
17 21 58
5 17 58
12 51 58
40 42 58
8 31 58
8 32 58
14 53 58
25 39 58
21 35 58
32 55 58
5 15 59
35 59 59
29 44 59
42 52 59
20 49 59
36 48 59
0 38 59
32 40 59
18 31 59
1 45 59
31 46 59
5 25 59
0 57 59
1 8 59
17 42 59
27 36 59
0 42 59
16 50 59
20 54 59
43 56 59
11 37 59
12 41 60
19 51 60
7 59 60
4 18 60
23 27 60
1 47 60
2 29 60
0 15 60
7 37 60
39 53 60
11 38 60
7 23 60
18 19 60
6 35 60
18 22 60
33 52 60
6 28 60
36 56 60
18 40 60
34 37 60
53 56 61
20 45 61
38 42 61
5 27 61
19 35 61
38 51 61
13 33 61
56 58 61
2 14 61
11 38 61
7 59 61
12 58 61
25 29 61
5 16 61
1 16 61
31 36 61
22 41 61
3 57 61
20 37 61
4 44 61
11 28 62
6 6 62
29 38 62
3 16 62
21 39 62
20 32 62
39 51 62
43 51 62
50 57 62
13 51 62
1 46 62
45 50 62
27 56 62
16 38 62
41 46 62
13 29 63
58 59 63
44 58 63
20 45 63
39 49 63
10 52 63
6 59 63
8 27 63
0 31 63
23 28 63
7 41 63
54 56 63
62 62 63
2 34 63
10 58 63
39 50 63
11 24 63
7 29 63
16 28 63
6 42 63
13 13 63
52 61 63
27 50 63
24 33 64
13 17 64
4 12 64
37 58 64
16 51 64
25 35 64
13 29 64
3 36 64
20 39 64
21 64 64
38 62 64
12 44 64
32 60 64
25 42 64
5 27 64
20 54 64
11 49 64
21 37 64
8 31 64
1 32 64
27 50 64
8 11 64
6 23 64
15 53 64
22 39 64
33 51 64
43 54 64
37 40 64
27 56 65
6 58 65
29 54 65
9 48 65
26 34 65
11 19 65
5 30 65
14 19 65
46 51 65
38 47 65
5 20 65
36 44 65
13 62 65
37 56 65
11 16 66
9 60 66
17 55 66
38 66 66
9 12 66
6 19 66
24 46 66
11 28 66
33 49 66
9 33 66
19 26 66
49 55 66
24 66 66
20 32 66
38 51 66
5 21 66
16 42 66
6 30 66
26 56 66
3 16 66
40 66 66
49 56 66
5 38 66
13 28 66
10 13 66
17 47 66
2 19 66
7 26 66
56 64 66
15 29 66
5 30 66
47 53 66
10 12 66
13 54 67
40 41 67
17 17 67
11 67 67
2 67 67
37 51 67
19 44 67
3 6 67
49 65 67
45 65 67
13 13 67
1 53 67
29 40 67
32 41 67
30 38 67
19 28 67
40 67 67
24 39 67
3 49 67
17 22 67
7 63 67
11 17 67
1 57 67
23 34 67
16 26 67
51 55 67
0 28 67
15 28 67
8 9 67
38 50 67
2 40 68
5 42 68
29 61 68
36 67 68
47 51 68
29 52 68
11 47 68
27 39 68
4 57 68
23 54 68
12 21 68
36 59 68
29 38 68
29 48 68
15 22 68
52 53 68
30 58 68
25 58 68
27 34 68
0 30 68
38 48 68
8 36 68
13 36 68
28 34 68
13 58 68
9 12 68
32 62 68
22 23 68
8 54 68
28 32 68
14 21 68
12 62 68
39 55 68
19 28 68
21 62 69
20 60 69
38 65 69
30 48 69
9 19 69
10 14 69
29 49 69
23 43 69
0 50 69
40 59 69
24 38 69
19 28 69
9 44 69
5 18 69
21 34 69
48 52 69
29 33 69
3 14 69
2 8 69
44 54 69
15 46 69
11 41 69
23 45 69
5 40 69
32 69 69
16 52 69
51 64 69
48 58 70
41 48 70
59 66 70
11 59 70
21 48 70
34 67 70
33 39 70
11 59 70
19 32 70
47 68 70
0 11 70
31 60 70
13 52 70
8 52 70
52 52 70
12 22 70
27 46 70
14 51 70
23 69 70
33 55 70
9 19 70
10 22 70
27 57 70
0 67 70
56 64 70
1 29 70
46 48 71
30 64 71
21 25 71
51 60 71
9 50 71
10 58 71
7 71 71
53 57 71
28 29 71
49 52 71
17 24 71
16 65 71
5 30 71
13 71 71
32 50 71
5 19 71
49 50 71
2 33 71
54 65 71
38 41 71
19 26 71
27 67 71
15 60 71
22 41 71
48 67 71
12 30 71
18 38 71
3 60 71
30 36 72
28 55 72
8 41 72
4 48 72
2 65 72
11 33 72
48 67 72
11 48 72
3 7 72
57 64 72
6 20 72
10 15 72
28 42 72
36 69 72
9 59 72
8 37 72
13 49 72
30 37 72
41 55 72
28 51 72
42 54 72
2 27 72
46 60 72
16 66 72
3 50 73
10 70 73
11 23 73
18 45 73
18 24 73
49 52 73
20 69 73
4 11 73
0 42 73
20 57 73
7 43 73
37 62 73
20 31 73
10 41 73
16 39 73
1 51 73
18 46 73
11 58 73
14 34 73
20 44 73
60 69 73
25 65 73
46 73 74
11 28 74
48 48 74
6 15 74
14 46 74
15 31 74
16 17 74
45 60 74
26 57 74
28 69 74
14 27 74
37 54 74
2 55 74
40 68 74
9 15 74
34 36 74
41 59 74
66 70 74
71 71 74
31 70 74
6 73 74
44 70 74
25 59 74
26 33 74
11 49 74
24 24 74
65 74 74
36 60 74
49 53 74
8 10 74
30 35 74
3 15 74
23 37 74
51 54 75
68 75 75
27 46 75
42 52 75
6 44 75
7 51 75
29 64 75
7 75 75
14 14 75
11 51 75
25 40 75
5 68 75
7 43 75
66 73 75
4 30 75
19 62 75
27 45 75
3 72 75
31 45 75
18 58 75
55 72 75
12 26 75
3 7 75
33 44 75
17 68 75
17 57 75
19 35 75
52 75 75
50 75 76
37 51 76
4 31 76
55 67 76
26 66 76
19 35 76
26 34 76
9 23 76
0 55 76
45 57 76
5 8 76
6 13 76
9 70 76
2 40 76
10 75 76
69 69 76
13 40 76
26 60 76
19 27 76
0 46 76
40 48 76
6 55 76
3 34 76
20 73 76
39 70 76
0 64 76
18 40 76
38 60 76
13 62 76
55 70 76
38 41 76
0 27 76
4 11 76
0 51 76
3 10 76
46 66 76
0 59 76
12 26 77
48 53 77
42 65 77
46 76 77
76 77 77
26 75 77
18 64 77
10 29 77
0 47 77
0 46 77
25 68 77
43 67 77
52 69 77
57 58 77
18 40 77
6 22 77
13 39 77
40 50 77
9 45 77
31 35 77
35 62 77
36 61 77
3 38 77
41 42 77
33 57 77
39 39 77
37 41 77
21 51 77
45 48 77
28 29 77
7 44 77
55 69 77
26 61 77
12 55 77
6 51 77
10 32 77
10 27 77
49 57 77
8 67 77
58 68 77
4 34 77
8 17 78
11 32 78
38 43 78
4 66 78
14 47 78
31 63 78
15 27 78
19 42 78
0 48 78
44 54 78
7 58 78
60 75 78
16 32 78
66 73 78
18 73 78
15 34 78
18 37 78
55 69 78
6 45 78
11 25 78
2 59 78
4 26 78
24 50 78
8 32 78
10 14 78
29 44 78
38 54 78
5 48 78
14 41 78
55 68 78
27 49 78
21 41 78
68 75 78
34 77 78
8 12 78
3 42 78
4 21 78
1 9 78
21 22 78
33 67 78
46 72 78
14 65 78
17 56 78
9 34 79
41 78 79
36 70 79
7 43 79
39 43 79
15 39 79
39 40 79
10 47 79
18 64 79
11 50 79
8 9 79
11 37 79
5 40 79
54 59 79
0 61 79
7 70 79
3 22 79
0 41 79
11 36 79
30 64 79
47 72 79
23 75 79
40 47 79
15 47 79
40 78 79
3 11 79
24 29 79
44 71 79
9 27 79
64 68 79
35 64 79
30 64 79
7 36 79
44 73 79
75 78 79
18 49 79
31 77 79
4 22 80
42 75 80
38 56 80
5 79 80
51 55 80
25 25 80
18 78 80
11 12 80
22 52 80
27 63 80
9 20 80
12 15 80
13 55 80
8 26 80
15 64 80
18 30 80
37 45 80
47 79 80
4 17 80
0 33 80
32 43 80
0 60 80
9 63 80
29 45 80
43 78 80
46 68 80
3 16 80
43 61 80
17 64 80
11 67 80
10 25 80
9 36 80
16 31 81
12 44 81
22 75 81
5 75 81
33 46 81
51 56 81
31 35 81
24 57 81
69 74 81
6 50 81
23 65 81
47 74 81
11 16 81
24 53 81
14 34 81
14 78 81
63 80 81
1 49 81
12 25 81
5 24 81
32 55 81
25 25 81
5 60 81
27 42 81
36 70 81
34 51 81
49 51 81
63 72 81
4 10 81
27 56 81
28 63 81
5 8 81
19 44 81
56 60 81
64 67 81
9 35 81
1 46 81
13 15 81
59 66 81
48 58 81
52 69 81
10 69 82
25 72 82
63 73 82
6 20 82
69 76 82
35 55 82
16 51 82
32 73 82
16 66 82
4 24 82
41 80 82
7 51 82
10 74 82
4 68 82
10 75 82
23 38 82
74 74 82
21 67 82
53 66 82
2 56 82
14 62 82
29 32 82
33 39 82
6 36 82
16 52 82
11 40 82
57 70 82
31 42 82
44 73 82
36 56 82
27 40 82
6 77 82
36 37 82
6 25 82
9 9 82
42 62 82
64 77 82
35 67 82
53 72 82
34 53 82
25 63 82
9 9 82
12 71 82
30 34 82
23 70 82
4 47 82
33 68 82
13 20 83
65 81 83
40 59 83
11 39 83
19 41 83
65 71 83
53 54 83
29 42 83
14 75 83
3 33 83
34 66 83
8 83 83
22 56 83
35 72 83
21 83 83
61 70 83
43 65 83
17 19 83
8 80 83
33 62 83
41 63 83
32 62 83
21 72 83
7 19 83
55 61 83
27 51 83
47 79 83
15 42 83
17 53 83
10 16 83
20 61 83
52 54 83
14 73 83
27 81 83
17 81 83
35 38 83
7 44 83
10 25 83
38 55 83
5 37 83
5 36 83
18 76 83
59 62 83
30 52 83
53 82 83
26 34 83
11 38 83
27 58 83
19 62 83
3 14 83
15 15 83
71 81 83
69 72 83
19 24 83
48 52 83
35 65 83
10 29 83
40 44 83
26 73 83
14 28 83
25 58 83
6 57 84
23 31 84
7 39 84
42 65 84
12 60 84
11 41 84
7 15 84
40 57 84
45 52 84
43 78 84
12 19 84
72 80 84
65 81 84
28 42 84
65 82 84
25 65 84
22 64 84
54 78 84
23 79 84
6 55 84
51 67 84
0 14 84
3 19 84
1 72 84
14 74 84
77 78 84
17 78 84
44 53 84
5 13 84
10 29 84
27 59 84
19 73 84
58 69 84
5 8 84
4 77 84
26 64 84
37 61 84
21 83 84
11 20 84
25 26 84
8 54 84
26 36 84
13 16 84
38 79 84
39 57 84
27 70 84
3 17 84
53 57 85
32 61 85
53 68 85
44 63 85
25 68 85
46 80 85
8 72 85
15 43 85
14 47 85
44 68 85
23 34 85
1 40 85
10 83 85
31 72 85
38 41 85
58 84 85
38 65 85
47 47 85
17 25 85
48 54 85
35 46 85
20 85 85
31 81 85
49 68 85
16 75 85
59 65 85
16 67 85
51 73 85
13 23 85
22 43 85
76 79 85
23 45 85
73 78 85
20 74 85
9 53 85
10 58 85
6 14 85
10 16 85
27 35 85
4 66 85
62 77 85
13 78 85
17 60 85
20 71 85
18 79 85
14 19 85
0 14 85
12 19 85
3 79 85
7 12 85
46 64 85
25 78 85
49 78 85
1 40 85
43 47 86
12 23 86
12 24 86
61 75 86
55 72 86
59 60 86
11 16 86
3 85 86
29 34 86
19 20 86
42 45 86
34 68 86
44 51 86
66 79 86
11 63 86
18 40 86
29 47 86
21 58 86
27 82 86
83 86 86
38 65 86
49 55 86
5 8 86
24 31 86
32 85 86
57 61 86
49 83 86
62 65 86
23 64 86
0 35 86
21 27 86
35 41 86
40 81 86
25 62 86
6 51 86
6 22 86
27 58 86
5 32 86
54 77 86
10 28 86
44 80 86
35 71 86
26 58 86
68 74 86
24 54 86
13 32 86
42 79 86
3 45 86
28 52 86
53 81 86
36 61 86
31 45 86
31 55 86
42 48 86
59 79 87
50 54 87
85 86 87
15 42 87
34 53 87
76 80 87
9 34 87
29 76 87
15 36 87
44 87 87
4 85 87
13 52 87
20 71 87
35 55 87
26 52 87
40 70 87
26 36 87
9 55 87
38 64 87
17 65 87
12 36 87
27 74 87
20 68 87
42 42 87
47 79 87
55 83 87
30 68 87
28 63 87
32 33 87
30 67 87
75 85 87
5 10 87
27 46 87
45 73 87
28 68 87
8 80 87
9 56 87
59 76 87
26 52 87
19 65 87
31 54 87
49 72 87
43 76 87
45 78 87
27 61 87
24 67 87
75 82 87
39 69 87
11 83 87
9 10 87
0 34 87
2 27 87
71 79 87
1 52 87
32 68 88
9 55 88
66 68 88
29 87 88
15 65 88
4 7 88
69 86 88
15 42 88
15 22 88
47 67 88
27 77 88
67 70 88
7 82 88
11 14 88
38 67 88
31 85 88
3 51 88
39 51 88
59 76 88
15 16 88
23 71 88
43 87 88
69 80 88
35 52 88
32 81 88
29 58 88
67 87 88
15 34 88
22 79 88
14 25 88
44 65 88
0 80 88
12 25 88
44 74 88
30 80 88
40 55 88
55 58 88
78 84 88
57 77 88
27 33 88
39 76 88
42 70 88
40 44 89
14 16 89
43 82 89
53 81 89
30 41 89
21 41 89
55 64 89
81 85 89
3 68 89
29 64 89
22 54 89
3 25 89
0 44 89
65 71 89
61 87 89
38 69 89
19 29 89
37 64 89
10 18 89
54 71 89
32 87 89
7 65 89
24 29 89
7 37 89
25 76 89
32 86 89
39 83 89
2 17 89
36 54 89
45 65 89
44 62 89
51 61 89
40 61 89
27 82 89
46 57 89
23 77 89
41 73 89
12 88 89
3 23 89
7 67 89
11 28 89
39 48 89
20 20 89
66 74 89
7 66 89
15 62 89
46 53 89
28 34 89
19 40 89
18 59 89
27 37 89
14 53 90
51 77 90
37 75 90
11 47 90
37 56 90
23 45 90
4 84 90
38 81 90
17 78 90
1 32 90
41 51 90
6 21 90
1 30 90
6 75 90
2 71 90
58 81 90
78 80 90
4 87 90
33 79 90
17 87 90
25 60 90
69 84 90
40 89 90
6 29 90
78 90 90
1 6 90
29 76 90
46 68 90
67 81 90
3 31 90
35 72 90
39 44 90
19 28 90
25 49 90
51 52 90
16 22 90
38 90 90
4 41 90
19 27 90
5 67 90
11 73 90
21 75 90
5 16 90
41 58 90
29 72 90
47 84 90
21 65 90
19 67 90
30 74 91
44 52 91
1 27 91
38 39 91
71 80 91
11 34 91
11 24 91
6 83 91
16 67 91
3 47 91
9 70 91
53 55 91
76 89 91
20 74 91
57 85 91
48 87 91
23 32 91
5 11 91
27 51 91
14 21 91
60 88 91
7 9 91
82 82 91
7 90 91
51 78 91
12 74 91
4 44 91
17 41 91
84 90 91
37 52 91
9 33 91
19 27 91
1 68 91
13 27 91
15 60 91
14 41 91
14 48 91
35 89 91
19 50 91
58 60 91
5 36 91
20 52 91
52 57 91
29 70 91
8 58 91
23 52 91
5 26 91
47 85 92
30 90 92
3 46 92
36 73 92
1 3 92
40 61 92
1 37 92
70 87 92
26 69 92
28 58 92
19 33 92
30 54 92
69 89 92
10 39 92
34 46 92
23 42 92
41 60 92
4 58 92
4 32 92
14 34 92
20 29 92
67 75 92
55 60 92
24 62 92
25 72 92
47 84 92
9 10 92
17 44 92
28 61 92
25 43 92
66 86 92
69 84 92
7 39 92
37 65 92
15 75 92
29 60 92
36 82 92
17 61 92
83 92 92
29 45 92
8 89 92
1 79 92
43 67 92
41 85 92
9 43 92
3 38 92
11 72 92
21 44 92
11 22 92
17 45 92
6 70 92
18 41 92
66 75 92
25 61 92
49 75 92
0 40 92
17 47 92
81 81 92
15 66 92
12 50 92
9 52 93
0 15 93
55 66 93
36 59 93
21 81 93
9 76 93
30 40 93
60 75 93
24 69 93
64 77 93
16 36 93
23 84 93
23 70 93
0 93 93
13 45 93
62 88 93
25 88 93
13 38 93
54 81 93
55 82 93
32 72 93
32 57 93
8 42 93
49 82 93
20 92 93
28 67 93
12 38 93
51 55 93
44 50 93
51 52 93
6 36 93
17 36 93
5 8 93
50 63 93
63 65 93
19 31 93
15 30 93
21 83 93
22 69 93
37 57 93
69 91 93
20 69 93
23 43 93
9 71 93
20 80 93
13 46 94
17 42 94
72 77 94
2 23 94
7 68 94
12 94 94
52 57 94
6 62 94
20 71 94
58 71 94
34 80 94
11 53 94
13 91 94
46 90 94
78 89 94
10 18 94
61 66 94
50 67 94
76 86 94
34 55 94
20 47 94
81 82 94
19 45 94
57 67 94
43 88 94
18 35 94
22 70 94
47 93 94
82 88 94
72 75 94
37 86 94
68 91 94
25 37 94
23 34 94
0 79 94
5 51 94
68 74 94
51 94 94
31 88 94
47 82 94
65 77 94
52 73 94
36 71 94
7 17 94
26 50 94
71 71 94
3 82 94
41 93 94
2 80 94
10 30 94
12 13 94
9 40 94
63 68 94
26 75 94
54 93 94
0 56 94
3 17 94
13 90 95
29 54 95
44 63 95
13 22 95
52 67 95
4 65 95
4 63 95
0 75 95
1 84 95
58 78 95
51 94 95
4 76 95
1 88 95
25 40 95
51 60 95
11 84 95
19 95 95
60 65 95
17 20 95
12 85 95
10 85 95
2 34 95
32 91 95
22 54 95
59 73 95
25 38 95
14 39 95
11 67 95
20 86 95
2 42 95
44 60 95
17 41 95
36 77 95
20 51 95
54 71 95
40 87 95
2 81 95
8 9 95
38 81 95
22 60 95
7 81 95
39 67 95
16 63 95
2 62 95
13 14 95
48 83 95
11 41 95
22 56 96
16 21 96
85 94 96
15 95 96
77 82 96
34 86 96
14 25 96
39 57 96
5 68 96
51 80 96
25 45 96
63 72 96
23 91 96
21 75 96
79 94 96
3 63 96
68 91 96
14 38 96
6 88 96
80 94 96
2 16 96
4 26 96
25 91 96
28 92 96
25 63 96
33 72 96
1 69 96
34 49 96
21 22 96
6 72 96
63 92 96
26 89 96
17 40 96
77 91 96
26 26 96
18 27 96
15 95 96
29 39 96
16 91 96
65 83 96
26 43 96
32 81 96
46 54 96
47 90 96
66 87 96
27 79 96
49 92 96
7 94 96
23 71 96
30 64 96
46 56 96
24 40 96
13 64 96
39 91 96
27 72 97
15 30 97
1 21 97
12 45 97
10 54 97
26 50 97
63 84 97
85 92 97
4 88 97
13 55 97
69 71 97
59 71 97
23 40 97
58 65 97
52 93 97
37 93 97
24 84 97
23 43 97
13 84 97
20 90 97
85 94 97
82 90 97
22 74 97
42 92 97
42 91 97
7 36 97
58 75 97
9 34 97
6 77 97
78 94 97
65 84 97
39 78 97
16 49 97
32 56 97
20 30 97
27 34 97
47 67 97
47 73 97
10 45 97
7 54 97
8 33 97
68 70 97
2 30 97
20 26 97
29 81 97
9 39 97
4 27 97
4 75 97
73 82 97
65 94 97
51 72 97
95 96 98
68 75 98
45 73 98
51 64 98
13 46 98
24 28 98
13 67 98
14 67 98
0 71 98
7 93 98
31 84 98
42 71 98
32 51 98
24 90 98
22 93 98
54 84 98
35 66 98
44 50 98
34 59 98
0 96 98
46 94 98
10 95 98
80 98 98
5 58 98
26 77 98
8 90 98
64 90 98
73 92 98
30 38 98
25 93 98
73 84 98
20 73 98
46 78 98
6 8 98
33 54 98
13 39 98
36 58 98
20 21 98
1 56 98
28 35 98
9 33 98
58 78 98
15 43 98
10 45 98
12 44 98
52 61 99
64 73 99
67 96 99
26 63 99
53 79 99
65 91 99
19 92 99
40 60 99
13 89 99
23 68 99
69 81 99
44 49 99
27 70 99
13 51 99
9 98 99
83 94 99
52 53 99
2 42 99
90 98 99
24 64 99
56 97 99
67 78 99
8 68 99
97 98 99
9 94 99
83 88 99
16 51 99
40 70 99
26 90 99
15 93 99
32 61 99
14 22 99
13 23 99
47 54 99
19 50 99
55 60 99
90 92 99
88 95 99
13 48 99
21 22 99
33 82 99
47 82 99
34 77 99
36 51 99
1 17 99
19 24 99
29 63 99
45 87 99
37 69 99
43 88 99
16 98 99
36 65 99
18 86 99
58 78 99
45 51 99
2 52 99
16 52 99
29 47 99
11 84 99
85 94 99
38 98 99
68 71 99
35 38 99
6 33 99
2 24 99
26 61 99
Time taken to sort using insertion sort: 0.230511 seconds