1 10 21
5 32 34
7 11 35
24 34 37
8 10 38
0 40 40
6 7 44
8 20 44
23 44 45
30 47 47
39 45 49
40 45 50
28 32 55
37 46 56
35 43 57
34 51 59
5 13 59
18 58 62
2 23 62
24 32 63
10 22 64
26 46 64
39 55 65
15 65 66
24 29 66
13 33 67
1 21 67
17 57 68
21 25 70
19 27 71
8 50 72
17 59 73
54 65 73
42 64 74
30 54 74
0 7 74
0 21 75
21 67 75
44 71 76
10 56 76
19 63 76
58 66 77
15 51 77
3 66 77
37 56 77
44 76 78
4 39 78
10 39 79
29 34 79
13 28 79
1 19 79
16 50 80
24 47 80
10 19 80
46 74 81
9 68 81
15 48 82
0 64 82
8 76 82
60 73 84
34 81 84
47 76 85
52 60 86
13 28 87
11 40 87
52 59 87
26 64 87
9 55 88
61 63 88
44 87 88
42 75 88
28 29 88
55 87 88
47 79 89
16 23 89
52 73 89
46 50 90
64 75 90
15 16 91
40 86 91
37 70 93
81 89 94
32 62 94
32 60 94
38 87 95
58 69 96
58 74 96
6 96 96
31 53 97
42 69 97
8 39 97
57 75 97
80 82 97
69 98 98
57 94 98
28 35 98
44 55 98
28 78 98
1 72 99
4 7 99
Time taken to sort using insertion sort: 0.000589 seconds