0 4 6
2 7 8
0 5 8
2 4 8
0 3 8
1 3 11
10 10 11
3 9 11
8 11 11
6 9 11
4 7 11
11 12 12
2 3 12
8 8 12
3 9 13
8 11 13
5 9 13
2 3 13
1 5 13
11 11 14
1 13 14
0 9 14
6 7 14
0 12 15
12 13 15
8 10 15
9 11 15
9 10 15
10 12 15
0 4 16
12 13 16
4 10 16
9 12 16
6 10 16
6 13 16
3 7 16
16 17 17
1 14 17
2 8 17
1 6 17
11 16 17
8 15 17
15 17 18
5 7 18
8 13 18
3 17 18
7 18 19
7 10 19
11 15 19
9 10 19
2 6 19
10 13 19
0 11 19
5 13 19
0 2 19
3 16 19
6 20 20
0 7 20
0 13 20
4 9 20
15 16 20
13 16 20
3 5 20
9 9 20
16 18 20
1 18 20
0 16 20
2 12 20
6 19 20
1 1 20
15 16 20
7 9 20
2 11 20
4 14 20
12 20 20
3 8 20
12 18 21
5 10 21
9 18 21
8 9 21
14 17 21
5 18 21
13 20 21
11 12 21
0 11 21
10 15 21
1 11 21
5 19 21
7 21 22
7 16 22
14 15 22
10 20 22
4 15 22
14 18 22
3 17 22
5 16 22
6 7 22
3 6 22
7 15 23
20 20 23
7 18 23
5 10 23
2 15 23
12 20 23
10 14 24
8 20 24
8 20 24
1 5 24
18 22 24
2 14 24
0 18 24
10 18 24
5 23 24
4 21 24
6 19 24
4 9 24
9 11 25
0 0 25
7 15 25
5 7 25
3 18 25
1 19 25
15 23 25
5 24 25
14 17 25
5 25 25
4 16 25
23 24 25
3 3 25
9 15 25
8 11 26
8 24 26
11 14 26
11 14 26
1 14 26
3 4 26
14 26 26
19 20 26
9 12 26
2 24 26
0 2 26
6 17 26
25 26 27
0 23 27
18 22 27
14 16 27
17 24 27
23 26 27
16 18 27
26 26 27
4 11 27
11 16 27
23 26 27
16 22 27
20 26 27
7 25 27
8 9 28
8 9 28
10 17 28
10 17 28
0 4 28
11 12 28
12 15 28
2 19 28
14 21 28
2 14 28
6 22 28
1 13 28
5 8 28
1 10 28
6 11 28
26 26 29
1 10 29
11 12 29
6 8 29
3 10 29
14 19 29
10 11 29
5 5 29
7 14 29
6 11 29
8 17 29
6 22 29
1 6 29
9 13 30
16 16 30
6 8 30
8 12 30
3 27 30
20 24 30
0 2 30
9 12 30
3 20 30
4 15 30
8 27 30
7 27 30
18 28 30
24 29 31
8 25 31
11 22 31
6 29 31
12 15 31
12 22 31
15 17 31
1 18 31
14 23 31
9 15 31
24 24 31
28 30 31
0 12 31
17 25 31
7 30 31
10 16 32
6 32 32
0 10 32
6 10 32
13 25 32
7 13 32
19 20 32
10 26 32
3 22 32
9 31 32
13 15 32
18 28 32
1 12 32
14 23 32
25 30 32
11 29 32
13 29 32
23 24 32
12 30 32
17 18 32
3 7 33
12 20 33
20 23 33
24 26 33
3 8 33
19 25 33
2 17 33
3 10 33
3 32 33
22 29 33
10 14 33
3 10 33
17 25 33
4 30 33
0 33 33
21 29 33
17 24 34
18 27 34
14 17 34
2 17 34
0 3 34
8 19 34
9 20 34
0 32 34
22 29 34
3 24 34
1 32 34
14 30 34
13 28 34
11 32 34
5 16 34
15 27 34
21 26 34
18 25 34
3 23 34
19 33 34
30 30 34
20 25 34
3 12 34
13 19 34
0 17 34
4 11 34
12 28 34
3 23 34
28 33 35
20 30 35
8 25 35
3 25 35
24 30 35
19 23 35
32 34 35
3 20 35
0 11 35
13 20 35
17 29 35
16 29 35
23 32 35
20 22 35
19 27 35
7 7 35
7 30 35
16 20 35
8 30 35
1 19 35
7 21 35
6 26 35
22 31 35
2 25 35
4 5 35
31 33 35
8 10 35
7 18 36
3 5 36
5 21 36
24 24 36
29 35 36
24 30 36
14 35 36
27 35 36
11 18 36
22 31 36
9 12 36
7 10 36
14 28 36
3 4 36
2 6 36
30 34 36
5 21 36
8 27 36
11 13 36
11 18 36
13 29 36
1 22 36
1 18 36
16 26 36
3 35 36
29 35 36
1 13 37
5 14 37
8 12 37
18 27 37
8 31 37
10 29 37
2 36 37
24 36 37
3 35 37
26 27 37
5 21 37
30 35 37
33 37 37
9 34 37
7 28 37
0 11 37
7 32 37
3 27 37
27 32 37
32 33 37
11 14 37
18 34 37
9 27 37
15 28 37
10 21 37
2 33 37
6 35 38
10 34 38
0 30 38
15 15 38
14 36 38
22 35 38
9 13 38
24 25 38
9 25 38
12 29 38
2 13 38
21 33 38
8 37 38
6 26 38
15 31 38
7 16 38
12 29 38
25 31 38
16 32 38
4 28 38
1 28 38
15 21 38
13 37 38
21 27 38
0 1 38
4 37 38
15 17 38
12 37 38
19 35 39
6 36 39
31 37 39
16 35 39
14 33 39
1 14 39
3 9 39
29 32 39
33 34 39
11 35 39
10 25 39
18 29 39
29 37 39
33 35 39
14 26 39
12 37 39
17 32 39
5 13 39
13 27 39
27 36 39
15 33 39
20 21 39
7 38 39
12 17 39
31 32 39
0 37 39
18 35 39
35 37 39
1 17 39
3 16 39
31 39 39
33 33 39
11 40 40
14 16 40
20 25 40
19 36 40
1 20 40
5 33 40
6 8 40
12 26 40
2 3 40
6 21 40
33 35 40
2 15 40
23 31 40
37 38 40
13 30 40
13 36 40
21 26 40
3 28 40
1 33 40
8 12 40
23 24 40
6 12 40
21 23 40
8 9 40
19 21 40
0 12 40
2 26 40
7 30 41
2 24 41
4 32 41
30 31 41
6 26 41
1 27 41
12 39 41
6 29 41
20 34 41
6 30 41
1 20 41
10 14 41
6 31 41
1 28 41
6 28 41
3 13 41
1 9 41
1 41 41
20 27 41
1 41 41
15 21 41
36 41 41
17 28 41
11 17 41
8 36 41
12 31 41
0 40 41
32 39 41
3 3 42
16 18 42
28 34 42
12 25 42
12 13 42
4 14 42
31 41 42
9 42 42
22 29 42
27 28 42
13 41 42
1 14 42
0 30 42
16 17 42
10 35 42
7 14 42
4 7 42
33 39 42
40 41 42
3 19 42
0 18 42
9 33 42
3 40 42
1 19 42
18 19 42
2 35 42
1 5 42
12 36 42
7 28 43
29 41 43
2 22 43
13 16 43
1 18 43
24 29 43
40 40 43
33 39 43
7 15 43
2 17 43
2 23 43
9 30 43
2 19 43
16 26 43
24 42 43
23 33 43
15 27 43
9 25 43
6 38 43
38 41 43
5 33 43
17 20 43
14 27 43
18 30 43
5 10 43
0 25 43
32 35 43
27 41 43
4 24 43
4 38 43
29 40 43
7 34 43
10 41 44
8 21 44
16 37 44
10 12 44
15 29 44
32 33 44
30 34 44
32 39 44
12 26 44
7 18 44
14 31 44
3 21 44
17 23 44
24 36 44
9 34 44
6 8 44
12 42 44
1 42 44
0 18 44
11 23 44
11 35 44
15 16 44
3 42 44
11 21 44
13 18 44
19 19 44
13 35 44
12 37 44
2 11 44
16 20 44
3 23 45
24 33 45
25 25 45
2 14 45
5 43 45
6 42 45
1 29 45
1 26 45
22 35 45
27 40 45
23 26 45
4 45 45
9 44 45
19 28 45
12 23 45
6 6 45
33 44 45
8 20 45
36 43 45
36 38 45
17 44 45
7 8 45
21 30 45
2 17 45
41 41 45
12 24 45
12 30 45
21 30 45
9 29 45
22 37 45
36 43 45
9 22 45
7 26 45
15 40 45
0 26 46
6 39 46
6 7 46
26 44 46
18 43 46
30 31 46
1 35 46
6 13 46
5 8 46
28 44 46
5 24 46
2 30 46
1 26 46
3 20 46
5 38 46
4 14 46
28 37 46
22 42 46
9 16 46
30 31 46
0 18 46
13 31 46
8 46 46
11 19 46
17 23 46
1 22 46
30 39 46
1 24 46
16 17 46
14 27 46
6 22 46
27 29 46
32 40 46
28 34 46
26 34 46
19 24 46
4 26 47
6 45 47
30 34 47
14 30 47
0 24 47
15 19 47
18 46 47
18 44 47
26 33 47
24 38 47
11 31 47
17 31 47
2 9 47
14 25 47
26 33 47
19 22 47
12 36 47
12 41 47
42 43 47
11 27 47
21 36 47
34 40 47
4 15 47
24 26 47
6 32 47
8 16 47
37 43 47
8 23 47
6 8 47
18 18 47
43 47 47
9 21 47
3 47 47
6 35 47
2 25 47
13 29 47
3 19 47
21 47 47
2 35 47
4 47 47
13 36 47
4 41 47
0 24 47
28 30 47
11 20 48
14 21 48
27 33 48
18 35 48
8 23 48
3 16 48
33 36 48
9 48 48
15 44 48
5 16 48
7 10 48
8 37 48
7 38 48
14 18 48
3 15 48
7 11 48
17 38 48
23 33 48
4 7 48
19 46 48
17 26 48
14 24 48
19 20 48
26 45 48
21 33 48
5 31 48
12 30 48
17 47 48
36 38 48
22 24 48
10 20 48
0 28 48
1 11 48
5 45 48
39 48 48
43 47 48
13 30 48
26 29 48
4 11 48
5 10 48
8 40 48
9 15 48
45 45 49
44 47 49
35 36 49
36 43 49
20 43 49
28 37 49
24 46 49
6 14 49
19 39 49
4 7 49
20 21 49
6 17 49
19 35 49
18 45 49
36 43 49
11 26 49
3 45 49
11 37 49
5 28 49
1 28 49
8 24 49
6 23 49
7 39 49
6 9 49
29 47 49
19 36 49
0 46 49
14 42 49
40 49 49
44 44 49
20 29 49
4 6 49
14 48 49
27 45 49
34 47 49
23 41 49
31 48 49
33 47 49
4 41 49
19 47 49
39 43 49
11 47 49
28 32 49
4 20 49
8 41 49
27 32 49
21 33 49
33 46 50
7 15 50
6 12 50
36 47 50
26 44 50
5 34 50
6 16 50
10 24 50
16 34 50
18 34 50
1 46 50
17 17 50
0 36 50
11 25 50
33 36 50
13 14 50
17 22 50
0 47 50
42 48 50
10 20 50
12 37 50
37 49 50
3 43 50
1 45 50
25 30 50
2 47 50
15 22 50
9 20 50
8 30 50
8 46 50
29 34 50
12 29 50
15 35 50
18 40 50
43 47 50
15 50 50
41 45 50
41 41 50
13 28 50
33 43 50
18 36 50
40 49 50
16 19 50
28 45 50
33 33 50
20 22 50
17 47 50
9 35 51
29 46 51
24 44 51
41 45 51
15 27 51
6 32 51
10 29 51
27 32 51
17 43 51
15 43 51
24 49 51
39 40 51
20 22 51
22 45 51
39 45 51
4 44 51
3 43 51
0 40 51
16 21 51
7 23 51
27 50 51
10 42 51
45 50 51
27 50 51
25 35 51
9 49 51
1 17 51
2 21 51
11 27 51
26 49 51
38 51 51
33 34 51
38 45 51
43 48 51
19 42 51
9 48 51
44 47 51
14 24 51
26 39 51
40 50 51
18 22 51
18 25 51
11 41 51
12 25 52
22 40 52
49 49 52
6 28 52
31 48 52
14 38 52
2 9 52
2 13 52
5 8 52
9 50 52
1 15 52
4 19 52
36 39 52
15 34 52
14 50 52
32 51 52
2 10 52
8 48 52
37 50 52
38 48 52
30 33 52
43 48 52
34 49 52
37 45 52
3 46 52
13 18 52
18 50 52
21 37 52
18 30 52
4 34 52
5 24 52
7 52 52
5 13 52
4 39 52
11 47 52
23 48 52
3 47 52
30 47 52
37 46 53
10 52 53
24 50 53
20 52 53
8 34 53
2 3 53
35 46 53
22 31 53
0 33 53
4 16 53
0 15 53
29 41 53
6 16 53
9 20 53
1 40 53
28 37 53
52 53 53
8 30 53
26 48 53
18 34 53
10 49 53
0 3 53
16 49 53
29 30 53
32 35 53
4 25 53
5 28 53
18 33 53
37 47 53
1 19 53
5 17 53
33 51 53
24 41 53
45 48 53
0 29 53
0 17 53
33 49 53
21 25 53
4 36 53
11 16 53
39 43 53
8 38 53
6 21 53
16 35 53
23 23 53
37 38 54
18 32 54
21 34 54
15 53 54
23 36 54
18 32 54
45 50 54
22 30 54
6 15 54
6 6 54
21 40 54
21 34 54
21 29 54
12 30 54
6 51 54
4 39 54
5 30 54
8 11 54
18 46 54
32 36 54
27 30 54
12 32 54
43 44 54
19 46 54
36 54 54
12 42 54
12 35 54
11 52 54
11 28 54
34 53 54
1 5 54
24 43 54
25 40 54
46 47 54
7 45 54
26 42 54
22 38 54
34 43 54
43 43 54
16 46 54
23 24 54
5 39 54
23 24 54
16 52 54
37 50 54
15 43 54
11 29 54
10 21 54
27 53 54
14 50 54
16 43 54
12 44 54
8 38 54
33 37 54
35 44 55
44 50 55
36 52 55
40 53 55
37 38 55
16 21 55
37 51 55
27 40 55
8 33 55
24 40 55
4 12 55
1 30 55
20 38 55
24 38 55
53 53 55
13 51 55
17 45 55
18 38 55
24 41 55
4 42 55
11 19 55
51 52 55
26 31 55
9 10 55
11 23 55
45 53 55
3 9 55
9 24 55
50 55 55
24 47 55
26 48 55
44 54 55
23 26 55
19 54 55
18 21 55
8 27 55
16 38 55
23 35 55
29 35 55
26 39 55
25 38 55
11 14 55
41 50 55
7 54 55
9 43 55
43 47 55
5 27 55
16 45 55
18 54 55
13 32 55
32 49 55
0 53 55
0 31 55
23 54 55
23 48 55
25 55 55
20 46 55
24 26 55
34 36 55
4 25 55
39 48 55
15 39 55
12 49 55
3 37 55
8 10 55
53 53 55
24 35 55
47 48 55
35 49 55
10 29 55
11 31 55
12 25 55
14 40 55
26 50 56
53 55 56
31 55 56
8 53 56
13 20 56
1 51 56
15 29 56
27 35 56
15 29 56
0 16 56
9 10 56
38 54 56
16 19 56
18 38 56
11 41 56
3 54 56
30 54 56
42 51 56
25 27 56
3 47 56
31 34 56
16 22 56
21 38 56
9 33 56
16 42 56
12 23 56
13 30 56
16 36 56
10 54 56
5 38 56
10 36 56
11 41 56
18 47 56
5 49 56
6 34 56
14 38 56
3 21 56
36 45 56
1 28 56
11 27 56
7 25 56
29 42 56
40 40 56
25 27 56
2 31 56
14 46 56
6 42 56
19 40 56
18 23 56
10 43 56
40 42 57
32 52 57
14 20 57
14 16 57
42 53 57
47 49 57
24 47 57
22 44 57
2 25 57
12 31 57
29 52 57
6 32 57
12 34 57
34 53 57
30 41 57
18 30 57
13 19 57
23 54 57
33 54 57
2 28 57
20 28 57
0 40 57
22 35 57
30 43 57
34 45 57
26 40 57
7 40 57
15 17 57
9 56 57
8 36 57
0 4 57
4 35 57
41 47 57
7 51 57
7 28 57
22 32 57
6 18 57
2 15 57
30 51 57
30 55 57
7 54 57
6 33 57
24 56 57
9 55 57
2 32 57
8 22 57
55 55 57
29 50 57
27 35 57
14 46 57
28 44 57
38 56 57
37 56 57
5 34 57
11 56 57
1 45 57
14 49 57
1 42 57
20 35 57
7 43 57
16 36 57
15 42 57
3 46 57
5 55 58
5 45 58
15 52 58
7 32 58
19 26 58
51 56 58
9 32 58
25 41 58
25 43 58
18 57 58
30 53 58
43 52 58
30 40 58
38 51 58
1 24 58
4 51 58
1 9 58
40 54 58
3 55 58
44 46 58
10 49 58
31 57 58
21 38 58
6 55 58
22 46 58
38 44 58
21 36 58
1 17 58
15 20 58
22 25 58
7 51 58
17 56 58
2 44 58
36 40 58
21 40 58
4 33 58
47 55 58
19 48 58
49 56 58
19 52 58
2 41 58
44 44 58
6 38 58
54 57 58
4 13 58
52 55 58
18 27 58
35 51 58
25 48 58
18 52 58
6 41 58
24 49 58
40 52 58
22 51 58
49 54 58
0 32 58
9 36 58
41 42 58
6 37 58
23 48 58
21 27 58
12 24 58
26 32 58
20 23 58
2 3 58
42 57 58
48 49 59
24 41 59
4 39 59
10 54 59
2 41 59
6 27 59
4 4 59
27 42 59
2 7 59
2 50 59
3 58 59
35 49 59
24 43 59
0 54 59
12 45 59
8 15 59
4 52 59
9 25 59
17 56 59
25 58 59
50 54 59
1 41 59
3 36 59
2 33 59
13 37 59
3 49 59
17 37 59
0 1 59
28 53 59
2 4 59
12 26 59
2 26 59
44 55 59
10 10 59
1 21 59
16 45 59
36 43 59
18 39 59
20 51 59
17 40 59
15 18 59
35 54 59
7 12 59
5 30 59
6 27 59
10 32 59
22 42 59
6 57 59
21 32 59
1 3 59
13 34 59
2 51 59
5 47 59
3 33 59
4 57 59
26 26 59
8 28 59
27 55 59
42 46 59
21 44 59
21 26 59
0 39 59
1 19 59
10 26 59
6 37 59
40 56 59
17 38 59
37 45 59
1 8 59
2 51 60
8 16 60
49 51 60
33 59 60
6 16 60
15 42 60
0 36 60
31 43 60
14 27 60
4 39 60
25 36 60
28 60 60
29 34 60
2 42 60
33 43 60
15 37 60
9 55 60
34 42 60
3 27 60
6 25 60
54 57 60
7 35 60
8 17 60
4 58 60
29 32 60
23 44 60
53 54 60
31 40 60
1 17 60
1 47 60
19 53 60
15 16 60
9 54 60
20 41 60
2 42 60
34 39 60
19 20 60
10 10 60
29 38 60
11 34 60
18 27 60
6 19 60
9 38 60
1 21 60
41 50 60
10 19 60
1 18 60
10 48 60
20 56 60
22 44 60
17 50 60
24 33 60
0 11 60
8 9 60
16 34 60
27 58 60
2 13 60
33 34 60
14 29 60
5 32 60
9 55 60
20 42 60
16 56 60
2 6 60
14 53 60
19 32 60
38 49 60
42 50 60
16 33 61
33 36 61
20 48 61
37 41 61
11 12 61
16 24 61
24 43 61
3 57 61
49 53 61
24 54 61
7 8 61
5 40 61
51 55 61
20 60 61
36 40 61
12 54 61
34 50 61
11 53 61
24 60 61
34 55 61
20 27 61
15 54 61
12 34 61
19 22 61
14 26 61
24 58 61
30 59 61
17 39 61
9 47 61
19 28 61
18 35 61
2 16 61
29 48 61
7 53 61
30 61 61
24 53 61
5 26 61
19 51 61
26 39 61
7 23 61
2 27 61
14 46 61
36 37 61
0 11 61
11 47 61
36 49 61
4 54 61
26 51 61
16 44 61
22 47 61
55 60 61
35 38 61
22 50 61
8 24 61
12 42 61
8 37 61
19 53 61
23 37 61
40 46 61
8 35 61
26 46 61
3 4 61
14 14 61
22 42 61
18 18 61
9 39 61
22 51 61
35 55 61
0 6 61
12 21 61
32 40 61
21 28 61
8 29 61
42 55 61
33 40 61
3 27 61
27 57 61
0 57 61
9 37 61
20 29 62
26 53 62
22 48 62
36 39 62
34 50 62
17 52 62
47 52 62
36 40 62
18 34 62
5 48 62
10 24 62
48 49 62
29 41 62
44 48 62
27 32 62
6 61 62
56 57 62
15 33 62
27 39 62
2 39 62
4 25 62
17 57 62
17 29 62
38 52 62
15 56 62
1 12 62
34 60 62
12 36 62
36 52 62
30 38 62
31 58 62
29 30 62
27 59 62
34 38 62
24 60 62
11 29 62
11 32 62
28 36 62
32 58 62
28 53 62
14 30 62
3 5 62
40 47 62
35 46 62
48 56 62
8 33 62
17 30 62
34 37 62
13 31 62
14 30 62
13 54 62
42 42 62
28 50 62
6 46 62
7 49 62
21 54 62
0 18 62
13 55 62
21 26 63
12 33 63
14 46 63
26 55 63
30 61 63
3 30 63
38 44 63
1 42 63
22 60 63
35 53 63
50 62 63
37 51 63
21 26 63
24 34 63
4 54 63
5 59 63
29 44 63
2 22 63
22 27 63
8 20 63
44 45 63
15 24 63
1 50 63
14 29 63
24 39 63
14 38 63
0 32 63
17 36 63
7 10 63
14 33 63
34 59 63
34 40 63
10 38 63
7 32 63
0 52 63
21 63 63
25 62 63
9 47 63
48 50 63
12 40 63
8 14 63
49 60 63
47 63 63
15 22 63
14 52 63
14 39 63
12 20 63
15 56 63
27 38 63
59 61 63
12 22 63
36 56 63
3 52 63
52 55 63
50 61 63
12 29 63
18 61 63
4 52 63
9 14 63
5 31 63
2 3 63
12 44 63
22 46 63
41 62 63
16 25 63
22 41 63
4 11 63
17 26 63
10 49 63
1 58 63
12 43 63
42 60 63
7 13 63
0 33 63
23 51 63
23 54 63
12 48 63
22 28 63
0 5 63
29 46 64
47 54 64
3 14 64
2 40 64
14 62 64
26 60 64
19 58 64
16 59 64
15 52 64
47 51 64
16 29 64
25 44 64
3 57 64
2 52 64
11 22 64
13 31 64
41 45 64
27 34 64
18 52 64
17 33 64
12 26 64
19 31 64
50 56 64
1 3 64
20 21 64
45 58 64
10 41 64
0 17 64
15 39 64
5 26 64
47 56 64
35 63 64
7 42 64
37 60 64
46 64 64
0 4 64
48 52 64
18 25 64
51 62 64
7 56 64
8 57 64
20 41 64
4 42 64
1 44 64
47 56 64
16 40 64
26 60 64
7 28 64
61 64 64
24 53 64
53 64 64
32 35 64
49 58 64
25 59 64
14 41 64
16 20 64
34 43 64
16 17 64
43 60 64
28 62 64
35 56 64
12 53 64
32 37 64
58 59 64
16 35 64
21 54 64
42 58 64
34 47 64
53 53 64
12 24 64
13 23 65
15 23 65
33 63 65
2 61 65
45 46 65
24 43 65
40 52 65
16 43 65
12 37 65
2 4 65
15 33 65
45 56 65
3 14 65
31 44 65
54 56 65
19 51 65
0 13 65
36 42 65
15 29 65
23 28 65
29 41 65
22 57 65
15 49 65
23 48 65
21 36 65
10 25 65
41 55 65
13 34 65
14 18 65
58 61 65
6 39 65
21 59 65
0 1 65
8 41 65
34 58 65
6 37 65
2 17 65
14 60 65
28 60 65
2 8 65
9 19 65
0 12 65
5 44 65
24 64 65
45 64 65
1 10 65
1 9 65
39 54 65
16 34 65
45 56 65
33 50 65
30 32 65
13 13 65
7 21 65
14 22 65
44 44 65
16 48 65
6 57 65
25 54 65
31 41 65
28 33 65
8 25 65
47 60 65
40 49 65
45 52 65
28 37 65
3 15 65
9 38 65
19 21 65
7 48 65
39 64 66
18 65 66
7 24 66
15 40 66
21 53 66
0 65 66
37 66 66
36 64 66
23 35 66
9 42 66
10 44 66
8 22 66
24 44 66
8 51 66
54 56 66
18 59 66
4 9 66
5 47 66
2 25 66
33 60 66
45 54 66
9 36 66
31 45 66
3 4 66
11 35 66
2 7 66
11 59 66
3 47 66
21 42 66
6 33 66
9 51 66
0 17 66
7 17 66
24 24 66
1 12 66
2 65 66
21 45 66
33 64 66
25 29 66
0 9 66
0 19 66
26 63 66
7 15 66
31 35 66
0 52 66
33 33 66
7 57 66
26 29 66
8 65 66
30 47 66
19 62 66
53 65 66
17 63 66
31 36 66
5 39 66
4 31 66
24 63 66
9 16 66
24 30 66
9 51 66
47 51 66
12 63 66
8 54 66
6 22 66
22 56 67
5 56 67
43 46 67
31 61 67
5 63 67
16 16 67
17 66 67
18 31 67
17 18 67
11 52 67
6 31 67
27 33 67
11 38 67
19 52 67
18 19 67
55 61 67
50 55 67
1 4 67
29 44 67
21 43 67
44 64 67
28 66 67
18 62 67
12 59 67
17 47 67
27 40 67
10 51 67
31 38 67
37 52 67
42 59 67
6 57 67
18 33 67
16 59 67
11 13 67
0 56 67
41 60 67
34 34 67
28 49 67
38 48 67
9 18 67
50 56 67
60 63 67
2 24 67
4 23 67
3 22 67
1 2 67
36 54 67
5 5 67
3 62 67
19 67 67
4 19 67
4 21 67
24 33 67
6 45 67
20 36 67
30 44 67
42 49 67
8 35 67
12 50 67
18 43 67
12 13 67
43 48 67
36 37 67
17 48 67
6 27 67
17 66 67
10 22 67
32 39 67
26 61 67
9 35 67
37 56 67
18 28 67
6 44 67
6 7 67
15 49 67
59 65 67
5 53 67
35 64 67
2 9 67
8 27 67
27 42 67
9 27 67
5 26 67
24 63 67
9 48 68
12 66 68
19 25 68
10 62 68
12 31 68
0 1 68
1 48 68
10 48 68
2 60 68
0 38 68
21 32 68
42 50 68
10 25 68
18 44 68
1 35 68
36 52 68
3 13 68
30 32 68
4 45 68
41 53 68
17 54 68
37 48 68
31 41 68
48 55 68
25 33 68
9 10 68
2 34 68
14 19 68
29 59 68
6 16 68
24 34 68
68 68 68
29 59 68
29 45 68
38 66 68
31 43 68
6 51 68
2 64 68
12 43 68
24 31 68
2 42 68
0 13 68
32 44 68
62 65 68
41 60 68
47 59 68
41 61 68
12 31 68
22 66 68
28 45 68
51 51 68
63 68 68
11 57 68
15 35 68
24 55 68
46 59 68
14 47 68
10 22 68
11 23 68
34 40 68
3 14 68
20 48 68
32 66 68
24 52 68
12 39 68
37 62 68
47 57 68
4 56 68
44 68 68
54 60 68
26 62 68
3 55 68
46 51 68
1 67 69
28 45 69
52 55 69
26 27 69
21 30 69
41 51 69
12 63 69
51 57 69
11 52 69
33 35 69
26 68 69
29 31 69
7 37 69
31 65 69
36 63 69
31 63 69
9 47 69
13 50 69
2 9 69
12 62 69
34 58 69
11 53 69
20 62 69
39 60 69
21 56 69
22 52 69
8 20 69
4 18 69
3 11 69
2 57 69
11 31 69
6 42 69
34 38 69
59 59 69
42 52 69
41 42 69
17 31 69
20 51 69
47 59 69
30 65 69
21 57 69
6 21 69
25 51 69
12 33 69
25 29 69
6 61 69
35 43 69
24 48 69
5 66 69
16 25 69
21 40 69
40 40 69
51 65 69
11 34 69
35 64 69
14 43 69
12 55 69
56 60 69
44 52 69
60 65 69
22 33 69
32 67 69
5 45 69
44 66 69
7 12 69
38 51 69
34 52 69
22 30 69
26 68 69
6 28 69
5 51 69
4 69 69
24 28 69
40 52 69
29 44 69
20 60 69
6 16 69
7 47 69
66 67 69
10 14 69
12 46 69
1 66 69
14 53 69
16 65 69
14 14 69
28 68 69
6 38 69
16 21 69
53 68 69
30 52 69
21 62 69
1 19 69
25 37 69
14 52 69
23 60 69
20 45 69
46 47 70
23 44 70
53 59 70
44 68 70
11 35 70
29 37 70
17 37 70
50 57 70
49 60 70
28 68 70
18 48 70
14 58 70
13 17 70
27 61 70
0 41 70
11 69 70
3 21 70
7 16 70
63 69 70
15 25 70
22 31 70
2 36 70
7 8 70
40 46 70
9 32 70
3 32 70
6 51 70
19 46 70
47 51 70
11 55 70
53 63 70
9 59 70
27 56 70
5 35 70
45 66 70
12 62 70
26 44 70
35 65 70
3 14 70
36 67 70
36 56 70
27 30 70
7 49 70
11 61 70
60 69 70
12 57 70
3 70 70
10 53 70
14 60 70
59 65 70
4 52 70
16 60 70
14 32 70
8 22 70
33 57 70
49 62 70
19 67 70
15 61 70
18 59 70
1 10 70
31 46 70
4 20 70
43 58 70
22 44 70
50 64 70
7 44 70
45 59 70
6 27 70
43 64 70
45 62 70
19 56 70
9 11 70
11 53 70
40 43 70
13 53 70
5 56 70
20 47 70
12 44 70
42 69 70
16 22 70
3 10 70
56 64 70
21 65 70
9 18 70
11 20 70
16 36 70
25 70 70
6 62 70
36 68 70
3 48 70
15 34 70
64 70 70
15 24 70
16 21 70
12 38 70
18 43 70
18 32 70
24 32 70
10 57 70
54 65 70
38 47 70
10 30 70
60 65 70
29 61 70
34 47 71
40 42 71
31 59 71
36 48 71
42 47 71
40 57 71
19 41 71
45 71 71
33 67 71
3 26 71
16 17 71
2 23 71
42 67 71
54 57 71
25 54 71
16 35 71
63 65 71
2 62 71
48 51 71
0 40 71
31 33 71
18 26 71
4 56 71
54 58 71
5 63 71
11 50 71
12 58 71
28 48 71
53 57 71
57 63 71
44 56 71
20 69 71
7 52 71
62 69 71
1 51 71
31 65 71
5 57 71
22 70 71
13 27 71
10 41 71
25 41 71
10 11 71
20 45 71
23 63 71
3 26 71
8 51 71
48 48 71
62 68 71
22 24 71
42 64 71
4 16 71
0 37 71
17 42 71
7 70 71
26 39 71
54 65 71
26 59 71
12 41 71
28 68 71
32 48 71
16 64 71
20 68 71
10 12 71
44 67 71
44 65 71
60 65 71
49 55 71
0 22 71
15 24 71
21 70 71
20 44 71
34 64 71
41 48 71
32 38 71
45 53 71
22 65 71
31 49 71
29 69 71
23 27 71
48 52 71
42 50 71
26 40 71
3 12 71
12 62 71
53 71 71
18 65 71
51 61 71
45 56 72
8 15 72
26 59 72
5 7 72
42 47 72
34 50 72
17 67 72
4 65 72
12 40 72
0 71 72
32 64 72
43 50 72
14 50 72
30 68 72
33 64 72
23 32 72
59 67 72
49 65 72
20 65 72
47 49 72
62 63 72
57 67 72
49 58 72
39 64 72
30 56 72
2 6 72
15 18 72
48 56 72
53 63 72
15 18 72
30 32 72
44 57 72
8 13 72
8 60 72
21 68 72
67 70 72
48 55 72
35 52 72
62 71 72
41 64 72
47 70 72
15 50 72
13 45 72
47 70 72
26 60 72
13 30 72
0 48 72
13 43 72
33 52 72
7 10 72
20 39 72
33 38 72
32 67 72
39 45 72
46 59 72
43 50 72
39 50 72
46 56 72
25 43 72
48 52 72
7 48 72
8 43 72
14 36 72
30 70 72
7 48 72
9 23 72
25 59 72
48 63 72
10 29 72
30 41 72
14 23 72
21 32 72
26 60 72
34 56 72
48 65 72
2 47 72
8 67 72
15 21 72
44 58 72
1 12 72
64 68 72
44 54 72
37 72 72
14 56 72
16 20 72
10 47 72
23 59 72
21 31 72
7 64 72
11 65 72
54 64 72
45 46 72
27 32 72
42 64 72
19 55 72
35 54 72
58 67 72
16 35 72
25 49 72
14 64 72
18 50 72
66 70 72
7 21 72
19 61 72
44 65 72
30 31 72
17 41 72
12 15 72
49 72 72
13 23 72
7 14 73
30 59 73
21 46 73
11 57 73
6 18 73
20 46 73
38 61 73
22 62 73
36 72 73
2 62 73
38 54 73
56 57 73
13 51 73
7 22 73
15 19 73
24 55 73
20 28 73
14 58 73
7 51 73
12 28 73
14 49 73
3 45 73
31 48 73
23 60 73
21 26 73
5 37 73
13 51 73
23 61 73
41 61 73
60 72 73
23 56 73
16 66 73
27 41 73
10 24 73
27 54 73
54 64 73
27 33 73
2 4 73
29 68 73
0 4 73
19 31 73
46 57 73
43 58 73
4 31 73
12 45 73
4 25 73
23 71 73
19 43 73
2 36 73
17 41 73
33 59 73
43 66 73
62 70 73
0 0 73
25 49 73
14 37 73
38 48 73
34 51 73
15 59 73
55 57 73
12 51 73
32 50 73
10 14 73
54 62 73
13 20 73
63 65 73
7 25 73
30 54 73
15 43 73
40 55 73
49 50 73
36 61 73
39 58 73
68 70 73
0 24 73
32 61 73
33 38 73
11 41 73
19 50 73
34 62 73
1 14 73
16 64 73
35 62 73
5 54 73
17 56 73
22 66 73
67 70 73
44 46 73
0 72 73
13 13 73
32 58 74
17 29 74
5 26 74
16 64 74
6 50 74
1 47 74
38 56 74
5 58 74
24 41 74
58 64 74
57 64 74
19 27 74
16 54 74
8 9 74
10 14 74
36 50 74
4 45 74
7 56 74
11 29 74
38 49 74
40 58 74
21 36 74
0 9 74
45 73 74
27 28 74
10 23 74
30 66 74
4 24 74
13 59 74
20 67 74
27 55 74
5 39 74
12 15 74
57 67 74
3 10 74
60 62 74
7 67 74
16 73 74
44 64 74
3 28 74
6 16 74
20 44 74
36 66 74
4 38 74
15 17 74
11 39 74
17 29 74
24 27 74
1 54 74
6 42 74
26 47 74
19 24 74
62 69 74
59 62 74
17 52 74
39 48 74
18 52 74
30 47 74
18 33 74
27 56 74
6 46 74
12 47 74
0 40 74
6 8 74
35 52 74
14 57 74
49 56 74
30 68 74
12 15 74
15 58 74
15 32 74
34 54 74
10 32 74
20 34 74
9 54 74
25 43 74
0 72 74
26 27 74
5 61 74
20 65 74
54 73 74
9 73 74
7 13 74
12 47 74
20 26 74
30 32 74
10 26 74
4 63 74
35 63 74
33 60 74
40 72 74
15 16 74
9 53 74
60 65 74
62 66 74
44 55 74
9 31 74
21 67 75
2 48 75
45 73 75
18 22 75
48 70 75
17 24 75
25 46 75
22 29 75
27 37 75
19 73 75
46 60 75
19 58 75
4 71 75
28 39 75
25 38 75
6 44 75
9 51 75
7 61 75
55 66 75
44 58 75
27 60 75
0 22 75
43 64 75
5 35 75
6 8 75
28 46 75
22 58 75
2 60 75
34 39 75
46 49 75
22 59 75
34 40 75
3 6 75
19 62 75
63 74 75
9 28 75
61 64 75
2 29 75
40 57 75
54 55 75
6 19 75
13 55 75
9 67 75
33 35 75
57 71 75
28 30 75
54 73 75
10 53 75
4 72 75
0 15 75
2 24 75
6 61 75
45 61 75
31 37 75
4 21 75
18 56 75
60 71 75
20 57 75
12 37 75
21 56 75
34 58 75
28 45 75
11 58 75
48 49 75
10 29 75
22 24 75
10 36 75
12 49 75
0 57 75
47 51 75
3 70 75
15 28 75
44 56 75
61 62 75
28 62 75
15 35 75
6 72 75
60 64 75
4 64 75
41 61 75
11 23 75
13 23 75
27 44 75
63 63 75
55 57 75
18 69 75
19 23 75
18 73 75
34 38 75
27 68 75
39 70 75
19 21 75
33 58 75
16 29 75
63 67 75
22 22 75
22 40 76
1 51 76
8 21 76
30 33 76
22 65 76
7 8 76
11 54 76
45 68 76
38 48 76
37 56 76
23 44 76
14 73 76
26 43 76
4 66 76
34 67 76
45 75 76
30 59 76
3 62 76
60 70 76
49 76 76
20 68 76
12 18 76
11 44 76
9 52 76
2 64 76
31 61 76
16 66 76
23 42 76
10 27 76
33 61 76
15 15 76
17 40 76
67 75 76
33 69 76
36 45 76
24 27 76
4 45 76
22 61 76
34 44 76
5 59 76
36 59 76
51 75 76
25 51 76
58 66 76
69 70 76
17 74 76
45 45 76
40 41 76
27 47 76
44 73 76
31 63 76
5 18 76
7 46 76
19 37 76
8 59 76
13 18 76
14 47 76
41 72 76
46 70 76
18 49 76
15 32 76
16 52 76
39 65 76
62 66 76
8 45 76
34 46 76
10 70 76
44 70 76
20 67 76
23 73 76
9 73 76
23 62 76
25 51 76
16 40 76
51 72 76
36 65 76
16 44 76
8 9 76
2 54 76
62 63 76
10 76 76
13 15 76
5 74 76
43 57 76
31 32 76
59 67 76
2 68 76
60 74 76
34 49 76
3 49 76
24 50 76
42 68 76
43 47 76
6 24 76
43 72 76
18 53 76
27 40 76
4 24 76
24 27 76
38 68 76
23 36 76
14 48 76
11 26 76
43 54 76
50 66 76
18 44 76
46 69 77
44 71 77
5 31 77
25 52 77
37 72 77
29 72 77
57 70 77
36 65 77
64 73 77
8 71 77
14 20 77
12 55 77
26 51 77
57 65 77
6 73 77
22 32 77
32 61 77
43 69 77
29 36 77
11 58 77
37 77 77
1 21 77
16 22 77
8 22 77
32 76 77
0 48 77
55 66 77
5 16 77
20 74 77
44 64 77
2 9 77
19 71 77
60 68 77
5 53 77
25 44 77
30 47 77
9 63 77
26 26 77
40 52 77
1 21 77
72 74 77
23 42 77
44 65 77
9 45 77
5 9 77
33 45 77
69 76 77
14 70 77
34 48 77
7 8 77
48 71 77
1 11 77
25 37 77
30 39 77
15 43 77
45 64 77
58 60 77
12 32 77
28 74 77
19 76 77
9 68 77
1 68 77
17 24 77
14 36 77
7 48 77
40 62 77
40 51 77
23 73 77
48 70 77
38 68 77
13 63 77
5 54 77
19 19 77
66 75 77
14 58 77
13 35 77
1 14 77
22 66 77
21 39 77
37 59 77
33 68 77
6 53 77
36 62 77
52 72 77
43 61 77
34 64 77
54 67 77
18 73 77
28 60 77
15 67 77
33 38 77
13 22 77
15 29 77
1 43 77
28 47 77
20 20 77
19 30 77
22 34 77
9 24 77
45 47 77
4 35 77
65 75 77
3 63 77
4 25 77
38 69 77
28 74 77
9 53 77
52 69 77
18 45 77
8 10 77
42 42 77
11 56 77
29 75 77
0 9 77
50 74 77
9 36 77
16 31 77
38 40 77
33 45 77
12 22 77
8 25 77
11 51 77
53 73 77
52 59 77
9 43 77
16 48 77
19 62 77
41 63 77
25 45 77
47 67 77
21 77 77
28 65 77
3 37 78
37 53 78
23 53 78
15 15 78
3 34 78
65 71 78
0 48 78
2 32 78
20 63 78
5 55 78
49 67 78
50 76 78
18 23 78
16 62 78
52 69 78
48 69 78
27 77 78
36 42 78
54 70 78
35 50 78
30 37 78
15 61 78
11 45 78
38 65 78
31 64 78
32 63 78
43 52 78
46 47 78
30 70 78
19 50 78
16 52 78
7 42 78
6 36 78
23 59 78
2 4 78
50 66 78
36 71 78
5 10 78
19 25 78
0 18 78
4 77 78
7 11 78
10 27 78
33 45 78
18 69 78
2 27 78
22 27 78
17 68 78
24 46 78
12 54 78
24 74 78
26 66 78
34 45 78
1 17 78
13 50 78
67 71 78
45 51 78
27 42 78
28 43 78
37 64 78
58 63 78
27 45 78
17 69 78
65 75 78
49 64 78
12 42 78
3 52 78
4 8 78
53 58 78
7 25 78
14 48 78
13 41 78
13 59 78
6 44 78
46 47 78
66 68 78
1 64 78
40 47 78
21 43 78
7 23 78
51 74 78
11 28 78
39 62 78
67 76 78
43 65 78
4 18 78
53 64 78
1 40 78
0 52 78
49 58 78
0 41 78
48 64 78
50 60 78
25 37 78
43 59 78
60 63 78
21 70 78
36 38 78
20 55 78
1 64 78
57 70 78
3 44 78
6 57 78
6 49 78
25 45 78
4 75 78
1 63 78
57 61 79
77 78 79
42 65 79
9 60 79
16 75 79
54 63 79
36 78 79
40 48 79
55 76 79
11 40 79
6 65 79
35 37 79
3 22 79
27 52 79
8 38 79
29 46 79
16 33 79
28 52 79
31 60 79
57 60 79
21 58 79
9 56 79
26 36 79
24 60 79
13 61 79
17 70 79
54 62 79
74 78 79
13 66 79
9 58 79
17 26 79
20 68 79
41 63 79
27 47 79
64 73 79
21 69 79
56 65 79
52 54 79
4 59 79
16 74 79
35 70 79
18 73 79
33 70 79
35 36 79
3 58 79
33 34 79
32 34 79
33 68 79
24 25 79
30 67 79
28 49 79
68 78 79
3 19 79
46 70 79
5 68 79
5 69 79
65 72 79
1 1 79
24 30 79
13 22 79
15 72 79
50 77 79
16 28 79
32 40 79
24 77 79
35 58 79
40 55 79
14 29 79
63 78 79
29 74 79
18 20 79
32 64 79
16 69 79
7 31 79
61 63 79
41 63 79
22 54 79
72 75 79
38 48 79
57 63 79
42 59 79
37 54 79
79 79 79
19 45 79
55 64 79
16 19 79
18 40 79
7 62 79
15 58 79
71 73 79
4 4 79
11 68 79
11 35 79
54 64 79
29 79 79
41 68 79
14 47 79
36 66 79
0 15 79
32 74 79
19 79 79
14 18 79
59 66 79
43 70 79
19 57 79
19 51 79
4 8 79
14 55 79
3 42 79
56 75 79
8 10 80
19 58 80
66 70 80
3 48 80
52 60 80
33 54 80
14 26 80
37 43 80
55 79 80
41 79 80
0 58 80
38 41 80
36 57 80
43 61 80
58 59 80
10 30 80
60 75 80
6 39 80
31 76 80
58 73 80
39 46 80
40 80 80
60 61 80
21 24 80
22 67 80
3 39 80
15 23 80
15 15 80
19 61 80
34 54 80
32 80 80
19 64 80
20 43 80
4 71 80
12 12 80
27 39 80
25 54 80
24 28 80
26 41 80
32 49 80
12 34 80
25 50 80
0 30 80
21 79 80
25 35 80
14 36 80
6 40 80
35 47 80
30 56 80
6 56 80
22 38 80
14 72 80
11 25 80
35 36 80
17 24 80
17 19 80
64 76 80
29 29 80
51 61 80
51 67 80
70 72 80
51 68 80
59 67 80
31 59 80
20 77 80
52 57 80
42 60 80
10 14 80
23 34 80
33 55 80
34 78 80
14 32 80
11 49 80
2 25 80
12 36 80
42 42 80
49 55 80
12 22 80
54 70 80
41 41 80
15 37 80
12 59 80
11 27 80
5 46 80
22 65 80
50 69 80
42 53 80
56 72 80
45 60 80
58 69 80
42 43 80
2 10 80
43 49 80
25 48 80
4 18 80
13 74 80
4 76 80
42 56 80
1 64 80
27 62 80
20 45 80
13 44 80
26 68 80
10 51 80
27 34 80
2 27 80
22 39 80
5 58 80
48 71 80
44 51 80
35 42 80
28 67 80
30 66 80
46 72 80
37 54 80
15 19 80
6 78 80
9 43 80
30 50 80
31 70 80
25 31 80
18 24 80
18 33 80
11 28 80
38 43 80
14 64 80
43 74 80
1 22 80
9 56 80
19 46 80
2 52 80
62 72 81
20 53 81
59 70 81
17 76 81
34 62 81
16 17 81
52 74 81
53 56 81
65 77 81
34 72 81
76 81 81
18 42 81
34 41 81
21 56 81
5 79 81
32 40 81
3 14 81
19 65 81
5 73 81
21 48 81
16 43 81
4 14 81
15 76 81
8 59 81
40 72 81
7 41 81
51 77 81
24 70 81
23 76 81
2 51 81
6 19 81
51 54 81
19 27 81
44 72 81
27 56 81
13 19 81
19 76 81
15 72 81
11 48 81
4 43 81
38 80 81
40 72 81
54 56 81
37 75 81
25 45 81
63 74 81
20 58 81
37 42 81
39 43 81
22 50 81
52 72 81
12 65 81
12 67 81
4 17 81
46 47 81
8 81 81
0 27 81
21 33 81
0 62 81
12 36 81
4 55 81
18 18 81
1 19 81
26 74 81
3 77 81
15 18 81
13 59 81
41 54 81
51 56 81
47 75 81
32 49 81
22 71 81
60 63 81
11 20 81
44 53 81
8 27 81
4 66 81
38 79 81
14 72 81
18 40 81
22 80 81
8 71 81
6 26 81
6 49 81
1 59 81
17 43 81
29 65 81
11 11 81
49 75 81
31 59 81
27 56 81
18 77 81
43 48 81
23 47 81
32 41 81
9 68 81
56 59 81
52 63 81
76 78 81
10 67 81
6 46 81
10 65 81
13 37 81
1 80 81
11 52 81
25 25 81
35 76 81
16 41 81
44 63 81
36 80 81
15 37 81
30 56 81
16 44 81
10 65 81
0 39 81
37 60 81
40 73 81
36 53 81
43 43 81
70 79 81
28 33 81
11 49 81
18 23 81
65 67 82
40 58 82
3 72 82
4 56 82
52 74 82
52 77 82
34 65 82
57 66 82
22 22 82
8 80 82
51 53 82
1 32 82
47 57 82
15 63 82
65 81 82
19 32 82
36 46 82
33 81 82
12 21 82
34 70 82
35 74 82
10 41 82
3 11 82
71 74 82
67 72 82
30 60 82
13 39 82
30 44 82
8 23 82
68 76 82
39 73 82
36 56 82
26 30 82
0 54 82
13 14 82
46 70 82
0 46 82
64 69 82
23 72 82
1 51 82
0 7 82
27 70 82
18 38 82
31 48 82
27 51 82
6 22 82
25 31 82
69 73 82
11 33 82
14 18 82
59 70 82
50 65 82
7 11 82
15 80 82
18 31 82
29 57 82
2 34 82
3 63 82
22 38 82
42 49 82
33 77 82
53 64 82
39 46 82
28 66 82
2 46 82
11 73 82
17 77 82
37 75 82
17 41 82
34 61 82
2 6 82
60 67 82
31 59 82
4 65 82
15 50 82
49 79 82
41 58 82
20 42 82
17 48 82
20 67 82
2 55 82
16 51 82
9 19 82
0 7 82
35 42 82
41 65 82
4 38 82
16 62 82
52 69 82
14 29 82
38 48 82
11 15 82
31 48 82
34 52 82
44 73 82
3 10 82
35 75 82
66 78 82
47 58 82
2 29 82
7 65 82
6 56 82
22 78 82
7 72 82
15 80 82
24 52 82
0 11 82
14 81 82
38 77 82
61 78 82
9 51 82
8 64 82
21 40 82
4 36 82
17 82 82
8 16 82
33 41 82
8 29 82
0 51 82
45 74 82
2 78 82
23 43 82
9 28 82
6 42 82
3 41 82
42 65 82
33 38 82
7 56 82
3 38 82
27 41 82
5 19 82
30 76 82
47 58 82
29 75 82
36 65 82
59 61 82
2 46 82
48 48 82
31 63 82
27 38 82
18 62 83
56 65 83
48 53 83
61 74 83
7 12 83
69 76 83
34 82 83
47 66 83
35 72 83
17 19 83
3 4 83
6 30 83
10 59 83
34 41 83
28 76 83
36 73 83
33 66 83
39 59 83
14 43 83
23 29 83
64 80 83
17 71 83
33 53 83
25 35 83
16 28 83
11 14 83
50 52 83
49 81 83
9 34 83
9 37 83
41 63 83
8 29 83
5 28 83
2 53 83
45 53 83
48 65 83
21 55 83
25 46 83
1 59 83
28 83 83
6 73 83
5 20 83
18 49 83
1 21 83
48 82 83
33 65 83
17 21 83
22 64 83
35 54 83
19 62 83
11 78 83
1 20 83
15 69 83
24 60 83
6 37 83
32 43 83
54 65 83
52 61 83
42 73 83
23 57 83
6 66 83
31 35 83
32 81 83
40 82 83
57 61 83
13 82 83
49 70 83
26 70 83
63 71 83
23 46 83
44 71 83
36 48 83
71 80 83
59 62 83
54 81 83
3 37 83
44 83 83
2 16 83
36 40 83
10 55 83
6 49 83
35 76 83
64 64 83
39 55 83
60 72 83
13 34 83
2 79 83
41 60 83
26 73 83
31 59 83
13 74 83
23 81 83
36 62 83
23 60 83
2 30 83
18 33 83
43 74 83
19 46 83
11 50 83
16 37 83
24 63 83
64 70 83
16 61 83
33 69 83
49 57 83
21 69 83
32 45 83
31 34 83
34 36 83
16 38 83
36 38 83
37 78 83
53 68 83
22 38 83
52 68 83
19 59 83
13 53 83
12 30 83
39 79 83
42 63 84
54 65 84
7 77 84
1 71 84
1 5 84
18 60 84
4 66 84
14 81 84
45 83 84
34 67 84
38 55 84
49 65 84
39 83 84
25 28 84
15 45 84
1 37 84
46 55 84
20 31 84
10 75 84
3 10 84
5 63 84
21 33 84
9 32 84
16 35 84
21 39 84
78 83 84
37 79 84
2 79 84
20 68 84
18 83 84
7 57 84
2 64 84
7 40 84
59 78 84
40 61 84
33 57 84
74 82 84
38 67 84
28 65 84
8 60 84
24 77 84
57 70 84
21 47 84
15 24 84
7 63 84
27 36 84
62 70 84
36 44 84
19 67 84
55 59 84
14 23 84
41 48 84
67 68 84
52 69 84
59 61 84
62 72 84
4 26 84
22 72 84
13 71 84
27 43 84
51 72 84
26 38 84
48 51 84
56 76 84
29 48 84
10 20 84
30 56 84
45 68 84
8 32 84
43 80 84
46 57 84
3 16 84
29 46 84
16 68 84
22 53 84
28 77 84
40 67 84
10 19 84
60 64 84
4 63 84
17 77 84
29 56 84
64 68 84
37 77 84
51 64 84
55 82 84
51 76 84
61 71 84
34 48 84
5 70 84
23 83 84
27 63 84
8 83 84
45 74 84
11 58 84
45 81 84
32 70 84
0 18 84
67 69 84
2 21 84
4 81 84
15 31 84
26 64 84
10 20 84
8 80 84
26 59 84
34 49 84
32 58 85
17 47 85
24 54 85
59 70 85
20 62 85
30 39 85
5 67 85
46 71 85
34 65 85
24 52 85
66 84 85
35 56 85
27 81 85
47 74 85
11 70 85
2 40 85
39 41 85
13 36 85
33 68 85
36 75 85
14 59 85
63 81 85
57 77 85
46 74 85
9 47 85
5 81 85
3 41 85
8 48 85
14 44 85
9 13 85
12 74 85
6 41 85
65 75 85
50 60 85
31 45 85
14 48 85
14 42 85
7 70 85
9 78 85
50 62 85
83 85 85
0 11 85
53 66 85
34 57 85
18 58 85
4 48 85
13 50 85
11 72 85
8 34 85
16 27 85
59 79 85
31 75 85
34 50 85
21 74 85
73 75 85
29 55 85
7 56 85
42 68 85
65 79 85
0 29 85
29 60 85
54 76 85
29 34 85
0 44 85
22 62 85
75 84 85
59 79 85
45 81 85
0 4 85
48 80 85
29 51 85
17 22 85
17 23 85
13 72 85
47 51 85
2 4 85
57 67 85
60 75 85
23 80 85
69 72 85
0 21 85
42 66 85
17 48 85
19 45 85
16 79 85
7 84 85
51 63 85
29 67 85
18 26 85
39 64 85
24 69 85
77 80 85
68 68 85
18 26 85
11 43 85
7 16 85
17 62 85
4 27 85
40 42 85
2 20 85
8 81 85
23 50 85
30 76 85
1 30 85
23 30 85
7 78 85
27 45 85
13 77 85
59 71 85
34 47 85
60 70 85
6 37 85
3 57 85
14 30 85
25 38 85
1 68 85
44 60 85
24 28 85
21 76 85
55 72 85
10 73 85
15 43 85
32 44 85
20 61 85
26 55 85
19 65 86
26 32 86
0 68 86
1 54 86
9 11 86
35 49 86
26 55 86
8 23 86
67 82 86
68 70 86
64 65 86
33 62 86
23 25 86
3 74 86
38 80 86
55 68 86
72 83 86
7 30 86
41 85 86
22 84 86
17 56 86
69 78 86
41 64 86
35 49 86
65 70 86
27 70 86
6 21 86
73 81 86
8 68 86
28 62 86
37 57 86
16 65 86
15 57 86
12 47 86
37 85 86
37 58 86
38 68 86
35 47 86
12 63 86
11 61 86
40 73 86
58 82 86
41 67 86
42 51 86
14 83 86
26 27 86
38 50 86
64 68 86
8 26 86
5 8 86
2 65 86
50 65 86
0 51 86
29 42 86
31 50 86
55 70 86
2 17 86
58 71 86
33 84 86
25 75 86
8 15 86
28 74 86
20 36 86
10 30 86
8 82 86
11 84 86
43 53 86
62 76 86
50 54 86
0 77 86
9 34 86
21 59 86
53 85 86
13 74 86
14 59 86
78 80 86
22 27 86
15 65 86
31 38 86
23 79 86
6 36 86
5 17 86
7 65 86
31 57 86
16 60 86
26 63 86
24 56 86
30 57 86
44 44 86
52 73 86
4 33 86
25 54 86
22 35 86
13 72 86
4 60 86
7 76 86
11 22 86
26 50 86
19 41 86
36 48 86
4 28 86
9 67 86
18 52 86
76 86 86
36 58 86
30 42 86
29 80 86
23 80 86
70 76 86
13 74 86
0 31 86
2 48 86
7 27 86
16 25 86
0 9 86
13 44 86
7 50 86
13 44 86
30 68 86
9 84 86
67 82 86
7 33 86
33 76 86
4 73 86
46 49 86
18 42 86
47 61 86
27 51 86
39 86 86
31 59 86
14 54 86
3 74 86
29 71 86
24 62 86
37 63 86
26 66 86
1 81 86
46 84 86
41 62 86
59 82 86
12 79 86
30 64 86
78 82 86
34 68 86
11 23 86
4 60 86
18 21 86
59 70 86
15 24 86
50 65 86
54 70 86
33 58 86
17 60 86
26 68 86
3 52 86
19 23 86
12 32 86
19 84 86
11 66 87
67 85 87
3 41 87
42 50 87
64 82 87
33 74 87
52 69 87
22 29 87
47 64 87
47 59 87
15 73 87
1 4 87
1 70 87
55 81 87
37 76 87
32 55 87
16 20 87
45 70 87
16 66 87
35 48 87
67 71 87
38 79 87
16 55 87
3 37 87
58 66 87
35 87 87
59 64 87
15 65 87
0 45 87
9 46 87
44 86 87
2 38 87
72 79 87
31 43 87
54 65 87
37 79 87
11 39 87
61 68 87
31 48 87
1 75 87
30 48 87
19 42 87
50 83 87
44 70 87
0 35 87
36 38 87
65 72 87
38 51 87
43 78 87
3 11 87
40 81 87
7 54 87
37 63 87
7 60 87
39 83 87
9 81 87
14 29 87
19 65 87
1 8 87
7 9 87
9 15 87
3 71 87
52 85 87
32 67 87
0 67 87
39 85 87
60 87 87
61 75 87
41 42 87
7 47 87
29 64 87
29 84 87
5 5 87
37 82 87
38 56 87
50 73 87
46 59 87
2 74 87
4 61 87
37 39 87
32 75 87
27 28 87
37 52 87
0 25 87
39 85 87
11 85 87
54 86 87
10 55 87
0 4 87
44 81 87
60 77 87
2 39 87
73 83 87
14 83 87
38 67 87
14 39 87
41 79 87
13 31 87
9 11 87
73 79 87
11 45 87
9 39 87
55 85 87
18 63 87
14 37 87
4 64 87
74 75 87
17 73 87
63 67 87
17 20 87
11 63 87
15 50 87
3 28 87
60 75 87
31 67 87
48 81 87
3 60 87
5 37 87
56 63 87
53 56 87
6 70 87
32 71 87
35 65 87
15 50 87
27 76 87
48 66 87
24 74 87
6 32 87
11 53 87
15 59 87
73 78 87
21 84 87
12 50 87
21 53 87
4 15 87
8 55 87
9 55 87
4 77 87
19 51 87
6 76 87
61 82 87
25 65 87
52 68 87
40 77 87
18 25 87
6 73 87
8 61 88
28 63 88
22 71 88
8 87 88
73 77 88
57 68 88
8 62 88
43 77 88
43 70 88
62 69 88
36 51 88
44 54 88
36 76 88
21 37 88
54 64 88
19 80 88
14 78 88
20 78 88
26 28 88
6 44 88
23 83 88
3 69 88
64 80 88
1 6 88
62 80 88
10 81 88
0 24 88
12 17 88
57 72 88
23 81 88
24 58 88
15 51 88
21 56 88
1 37 88
45 83 88
20 48 88
7 17 88
76 82 88
16 31 88
29 74 88
30 78 88
14 20 88
9 26 88
6 27 88
16 21 88
0 59 88
63 84 88
47 86 88
25 38 88
25 73 88
26 32 88
34 80 88
1 12 88
46 46 88
5 46 88
25 72 88
31 64 88
67 78 88
8 78 88
2 55 88
15 85 88
64 67 88
21 23 88
11 36 88
24 86 88
26 71 88
0 48 88
24 28 88
43 61 88
62 85 88
20 38 88
1 44 88
59 86 88
23 61 88
26 65 88
5 24 88
9 35 88
27 86 88
8 73 88
9 12 88
33 52 88
39 62 88
56 76 88
35 87 88
51 84 88
28 66 88
9 66 88
10 83 88
58 82 88
42 84 88
16 41 88
5 39 88
16 36 88
4 60 88
11 65 88
14 50 88
26 31 88
34 59 88
4 68 88
60 79 88
36 48 88
2 74 88
21 75 88
80 87 88
47 71 88
6 67 88
9 59 88
30 69 88
65 72 88
24 71 88
10 40 88
2 9 88
29 84 88
24 26 88
29 49 88
69 74 88
13 39 88
42 69 88
66 74 88
30 77 88
13 68 88
28 60 88
8 62 88
41 73 88
53 70 88
8 83 88
86 86 88
32 63 88
44 69 88
29 59 88
9 53 88
24 60 88
25 39 89
3 32 89
72 83 89
5 39 89
10 58 89
28 77 89
4 7 89
46 72 89
60 76 89
19 50 89
45 85 89
36 81 89
26 31 89
13 20 89
23 53 89
53 58 89
11 85 89
32 75 89
5 9 89
63 80 89
10 42 89
43 68 89
19 60 89
29 33 89
11 65 89
80 89 89
34 43 89
6 88 89
0 83 89
14 84 89
14 57 89
20 63 89
60 76 89
27 29 89
5 63 89
30 79 89
52 71 89
8 46 89
22 82 89
44 48 89
10 22 89
37 45 89
21 23 89
37 79 89
6 88 89
26 88 89
30 83 89
68 82 89
51 54 89
1 11 89
18 68 89
9 17 89
4 71 89
4 49 89
40 74 89
26 27 89
51 74 89
61 89 89
16 25 89
43 63 89
33 63 89
15 89 89
23 53 89
1 28 89
25 72 89
56 61 89
15 77 89
2 9 89
57 76 89
24 47 89
26 37 89
5 53 89
54 75 89
0 14 89
19 73 89
24 49 89
16 30 89
8 35 89
61 83 89
24 41 89
2 12 89
18 78 89
34 74 89
31 63 89
69 78 89
63 87 89
70 70 89
34 47 89
18 47 89
0 48 89
46 69 89
67 68 89
2 84 89
7 77 89
62 80 89
21 34 89
66 84 89
37 83 89
31 37 89
6 55 89
16 49 89
37 49 89
43 54 89
34 79 89
20 30 89
51 72 89
27 79 89
44 67 89
57 81 89
20 78 89
15 87 89
34 74 89
16 22 89
52 76 89
6 51 89
73 87 89
48 62 89
34 46 89
14 23 89
58 61 89
22 43 89
20 35 89
8 8 89
36 75 89
39 68 89
10 72 89
13 83 89
8 15 89
48 62 89
42 75 89
39 79 89
38 42 89
16 41 89
4 4 89
13 48 89
56 60 89
78 83 89
14 66 89
25 70 89
43 58 89
5 5 89
6 22 89
66 75 90
48 69 90
26 65 90
6 81 90
54 83 90
40 44 90
8 84 90
16 47 90
2 38 90
14 80 90
57 83 90
54 78 90
3 44 90
20 72 90
88 88 90
7 49 90
4 14 90
18 67 90
36 51 90
65 69 90
54 79 90
2 58 90
28 47 90
2 66 90
26 71 90
6 57 90
0 42 90
12 24 90
22 28 90
0 30 90
12 66 90
21 83 90
61 78 90
50 57 90
49 55 90
5 10 90
21 62 90
64 68 90
37 56 90
6 7 90
10 71 90
19 32 90
10 65 90
33 88 90
20 89 90
47 55 90
22 67 90
24 37 90
60 70 90
16 45 90
19 46 90
46 70 90
7 44 90
14 34 90
1 2 90
31 87 90
24 26 90
21 72 90
20 89 90
0 52 90
43 84 90
1 42 90
74 76 90
32 63 90
15 43 90
10 60 90
17 19 90
56 73 90
18 32 90
22 22 90
4 52 90
12 69 90
41 76 90
17 58 90
3 66 90
38 53 90
39 70 90
0 50 90
36 46 90
27 67 90
58 64 90
13 44 90
47 85 90
35 71 90
13 74 90
15 17 90
7 35 90
20 89 90
55 55 90
32 51 90
21 55 90
52 87 90
55 77 90
25 53 90
44 73 90
37 37 90
67 78 90
63 80 90
76 88 90
16 48 90
41 42 90
71 74 90
24 36 90
49 81 90
29 53 90
58 84 90
32 51 90
18 77 90
53 85 90
51 83 90
1 66 90
39 45 90
39 57 90
61 87 90
37 69 90
20 73 90
38 80 90
9 13 90
32 58 90
6 88 90
27 40 90
12 36 90
37 81 90
28 78 90
20 87 90
0 45 90
19 79 90
8 66 90
45 87 90
15 60 90
16 48 90
7 38 90
78 86 90
1 8 90
26 75 90
34 70 90
14 43 91
13 82 91
36 57 91
17 33 91
40 79 91
25 28 91
11 84 91
16 63 91
4 25 91
7 22 91
63 69 91
6 64 91
63 65 91
36 69 91
49 73 91
7 86 91
23 39 91
72 88 91
0 8 91
29 43 91
21 53 91
57 90 91
23 83 91
54 74 91
10 21 91
15 30 91
20 33 91
88 89 91
14 67 91
32 46 91
14 36 91
25 71 91
14 20 91
1 66 91
68 88 91
22 53 91
28 51 91
8 23 91
30 88 91
23 30 91
40 79 91
1 45 91
60 61 91
74 90 91
21 63 91
80 83 91
5 65 91
71 81 91
26 55 91
43 58 91
29 78 91
15 20 91
3 31 91
16 43 91
61 85 91
53 64 91
26 61 91
50 69 91
5 50 91
3 3 91
59 90 91
31 43 91
24 61 91
17 69 91
9 32 91
33 85 91
1 73 91
66 81 91
10 76 91
28 69 91
18 79 91
41 57 91
25 80 91
40 75 91
41 58 91
14 20 91
53 89 91
73 84 91
29 61 91
38 76 91
19 43 91
19 23 91
8 61 91
26 28 91
24 80 91
9 77 91
45 62 91
67 77 91
29 38 91
20 87 91
12 15 91
26 72 91
3 4 91
69 90 91
13 77 91
63 80 91
33 89 91
31 31 91
42 51 91
11 20 91
1 63 91
13 23 91
4 64 91
42 60 91
25 90 91
0 48 91
18 24 91
24 62 91
8 17 91
51 68 91
8 86 91
9 18 91
58 88 91
12 81 91
14 45 91
25 40 91
33 74 91
11 81 91
37 76 91
1 46 91
59 74 91
11 29 91
28 88 91
10 64 91
68 68 91
7 53 91
36 83 91
62 65 91
85 90 91
16 27 91
10 68 91
2 69 91
39 47 91
44 78 91
24 82 91
56 80 91
6 62 92
17 52 92
8 85 92
9 91 92
26 35 92
42 57 92
48 59 92
0 18 92
59 88 92
10 65 92
47 61 92
13 47 92
17 75 92
72 85 92
29 69 92
21 30 92
59 89 92
8 45 92
25 63 92
49 63 92
14 36 92
22 73 92
32 32 92
35 83 92
29 52 92
40 80 92
60 69 92
10 67 92
41 82 92
65 86 92
21 39 92
15 32 92
44 47 92
27 58 92
3 85 92
16 88 92
18 26 92
56 84 92
43 52 92
29 81 92
17 67 92
34 83 92
25 74 92
17 86 92
21 87 92
8 53 92
14 91 92
81 92 92
53 87 92
26 49 92
39 78 92
7 45 92
10 20 92
11 13 92
51 59 92
17 20 92
1 83 92
32 77 92
26 34 92
15 31 92
57 59 92
38 78 92
41 59 92
53 74 92
8 76 92
41 89 92
45 45 92
30 83 92
30 57 92
10 38 92
32 88 92
5 5 92
9 54 92
22 53 92
9 32 92
39 58 92
13 89 92
55 61 92
35 64 92
25 80 92
14 84 92
15 51 92
15 55 92
11 81 92
1 86 92
26 39 92
17 59 92
39 81 92
29 73 92
44 53 92
35 87 92
15 48 92
25 79 92
7 39 92
23 34 92
0 44 92
11 29 92
11 80 92
19 76 92
24 79 92
19 78 92
47 67 92
39 65 92
34 81 92
6 27 92
87 92 92
9 18 92
47 66 92
80 83 92
22 59 92
48 68 92
32 73 92
50 68 92
65 72 92
2 69 92
31 73 92
29 75 92
21 28 92
2 9 92
27 73 92
10 72 92
43 81 92
16 40 92
33 76 92
1 18 92
2 18 92
48 61 92
67 82 92
47 89 92
24 78 92
11 59 92
57 62 92
35 45 92
1 4 92
41 59 92
6 64 92
26 79 92
49 67 92
69 78 92
10 14 92
43 71 92
6 57 93
53 66 93
1 59 93
19 91 93
56 79 93
3 82 93
32 71 93
52 65 93
61 86 93
0 9 93
8 73 93
0 21 93
40 92 93
7 70 93
50 67 93
14 53 93
25 58 93
32 89 93
47 78 93
45 86 93
31 56 93
59 64 93
71 92 93
52 83 93
9 48 93
49 62 93
33 65 93
69 91 93
77 86 93
54 67 93
0 9 93
71 85 93
53 85 93
63 65 93
61 69 93
33 75 93
52 61 93
1 80 93
6 61 93
31 73 93
82 93 93
43 59 93
3 26 93
27 77 93
30 37 93
4 57 93
66 73 93
46 86 93
1 14 93
48 92 93
38 75 93
15 28 93
11 76 93
27 44 93
0 55 93
14 40 93
10 82 93
44 57 93
3 40 93
17 66 93
28 72 93
44 57 93
66 88 93
59 71 93
14 82 93
13 52 93
20 54 93
0 83 93
15 66 93
32 47 93
20 54 93
35 78 93
55 85 93
15 41 93
43 74 93
47 59 93
14 60 93
43 65 93
44 63 93
17 92 93
86 92 93
29 51 93
54 69 93
11 82 93
91 93 93
3 36 93
49 71 93
60 80 93
27 71 93
57 81 93
63 66 93
20 43 93
32 40 93
58 90 93
39 52 93
40 88 93
9 19 93
0 11 93
12 28 93
70 76 93
33 63 93
9 44 93
11 45 93
25 69 93
5 49 93
59 91 93
12 18 93
24 76 93
22 58 93
29 58 93
46 75 93
27 46 93
29 41 93
30 78 93
48 85 93
2 8 93
7 51 93
50 87 93
64 81 93
81 83 93
48 81 93
20 59 93
38 42 93
40 92 93
52 78 93
47 82 93
43 57 93
21 65 93
36 93 93
14 62 93
2 5 93
3 21 93
59 93 93
3 25 93
2 37 93
34 73 93
65 72 93
46 55 93
32 82 93
16 74 93
82 89 93
2 59 93
45 68 93
35 70 93
16 40 93
53 89 93
13 38 93
59 59 93
13 62 93
30 54 93
38 78 93
38 65 93
47 76 93
31 39 93
30 65 93
8 9 93
5 29 93
12 50 93
0 17 93
57 63 93
10 31 93
7 18 93
55 58 93
43 46 93
6 31 93
12 59 93
38 72 93
9 43 93
31 83 93
15 75 93
44 62 94
5 57 94
63 66 94
30 92 94
24 77 94
32 37 94
39 85 94
64 80 94
49 77 94
19 28 94
31 41 94
12 24 94
23 47 94
30 48 94
26 65 94
1 6 94
6 44 94
29 54 94
2 46 94
22 81 94
31 64 94
13 34 94
6 66 94
16 89 94
24 80 94
74 77 94
33 43 94
36 88 94
10 82 94
78 86 94
65 86 94
2 92 94
4 44 94
63 63 94
0 74 94
58 87 94
0 88 94
9 12 94
40 75 94
15 34 94
19 57 94
46 87 94
2 66 94
26 74 94
23 29 94
4 59 94
10 25 94
40 51 94
8 50 94
6 25 94
32 72 94
45 56 94
38 39 94
20 25 94
51 85 94
34 91 94
26 48 94
35 67 94
9 28 94
7 72 94
49 52 94
1 5 94
49 73 94
3 23 94
29 63 94
7 91 94
29 60 94
32 74 94
48 92 94
2 76 94
22 70 94
5 20 94
4 46 94
49 90 94
7 24 94
21 90 94
0 27 94
52 56 94
60 63 94
55 92 94
13 47 94
60 85 94
8 45 94
14 70 94
9 32 94
44 84 94
60 72 94
15 87 94
26 41 94
56 88 94
27 76 94
60 74 94
12 74 94
67 92 94
27 37 94
15 44 94
51 62 94
20 36 94
16 64 94
3 80 94
34 78 94
0 50 94
19 45 94
24 55 94
9 49 94
16 53 94
2 16 94
22 49 94
15 38 94
84 92 94
56 73 94
24 51 94
53 91 94
67 84 94
68 74 94
60 72 94
28 44 94
34 68 94
34 41 94
72 73 94
61 65 94
34 81 94
15 94 94
24 68 94
23 65 94
15 78 94
9 66 94
91 92 94
2 4 94
6 20 94
42 75 94
5 61 94
59 85 94
22 33 94
24 61 94
7 44 94
30 35 94
31 89 94
37 78 94
40 71 94
20 34 94
12 26 94
74 75 94
14 45 94
10 59 94
33 36 94
20 90 94
0 44 94
18 42 94
20 26 94
43 66 94
46 61 94
37 47 94
46 64 94
11 38 95
12 66 95
32 56 95
28 79 95
55 65 95
2 66 95
15 68 95
52 55 95
48 91 95
8 16 95
41 90 95
4 51 95
31 61 95
18 42 95
33 50 95
16 32 95
45 94 95
61 91 95
68 86 95
5 73 95
52 90 95
46 75 95
37 73 95
51 70 95
47 67 95
53 94 95
62 63 95
54 81 95
35 80 95
28 65 95
56 76 95
51 60 95
26 67 95
35 41 95
0 24 95
0 33 95
19 47 95
2 29 95
20 79 95
20 54 95
4 24 95
29 37 95
7 68 95
6 59 95
7 87 95
35 81 95
42 90 95
27 52 95
45 51 95
5 59 95
57 64 95
69 83 95
30 37 95
4 79 95
17 65 95
64 93 95
44 60 95
9 56 95
11 27 95
31 48 95
10 89 95
56 66 95
45 87 95
29 42 95
16 75 95
38 51 95
21 44 95
46 58 95
1 81 95
41 65 95
30 68 95
69 73 95
0 30 95
51 72 95
42 81 95
15 37 95
37 52 95
69 71 95
80 83 95
75 85 95
82 95 95
11 62 95
29 36 95
1 33 95
32 78 95
18 75 95
29 34 95
36 85 95
19 60 95
0 84 95
9 86 95
36 86 95
59 94 95
28 62 95
45 58 95
10 89 95
3 22 95
5 79 95
41 55 95
48 91 95
34 48 95
38 87 95
45 46 95
63 82 95
9 83 95
47 59 95
64 81 95
44 50 95
0 57 95
54 92 95
14 72 95
5 17 95
3 25 95
32 52 95
8 79 95
33 70 95
54 83 95
12 57 95
30 90 95
48 71 95
14 69 95
5 75 95
19 38 95
54 84 95
63 69 95
36 83 95
42 46 95
21 68 95
81 92 95
1 7 95
34 81 95
67 95 95
9 67 95
20 49 95
50 64 95
11 88 95
38 72 95
10 61 95
50 92 95
49 64 95
45 86 95
25 38 95
25 32 95
4 27 95
57 93 95
22 81 95
12 39 95
22 79 95
10 56 95
81 90 95
14 87 95
19 22 95
4 29 95
30 41 95
5 8 95
76 81 95
31 82 95
49 53 95
20 44 95
17 19 95
37 93 95
52 68 95
9 59 95
76 85 95
30 61 95
79 83 95
5 22 95
32 42 95
4 78 95
66 95 95
32 37 95
50 88 95
34 39 95
22 84 95
32 78 95
35 56 95
26 81 95
4 11 95
30 56 95
12 53 95
25 89 95
27 40 96
84 87 96
28 41 96
30 78 96
77 86 96
64 66 96
61 91 96
78 88 96
56 75 96
56 77 96
30 35 96
17 22 96
23 76 96
56 90 96
6 19 96
74 93 96
24 83 96
70 72 96
0 84 96
17 23 96
16 94 96
31 93 96
2 67 96
2 13 96
26 39 96
13 78 96
68 84 96
42 50 96
0 92 96
46 58 96
29 56 96
41 81 96
41 54 96
92 95 96
44 52 96
7 37 96
64 82 96
6 30 96
38 79 96
29 93 96
44 59 96
48 76 96
42 43 96
41 85 96
64 89 96
19 53 96
42 92 96
4 87 96
40 52 96
9 54 96
27 87 96
57 59 96
19 78 96
9 87 96
32 51 96
29 86 96
53 90 96
71 75 96
44 96 96
43 91 96
64 89 96
91 95 96
90 93 96
25 95 96
42 69 96
69 80 96
74 83 96
25 67 96
50 88 96
23 29 96
66 83 96
19 80 96
11 70 96
32 44 96
1 66 96
2 48 96
21 52 96
66 79 96
84 96 96
83 90 96
41 89 96
19 95 96
38 82 96
9 38 96
14 86 96
32 63 96
1 24 96
10 29 96
48 74 96
75 95 96
24 80 96
43 62 96
1 23 96
67 67 96
35 89 96
83 86 96
27 29 96
12 33 96
57 95 96
48 77 96
46 91 96
22 78 96
27 95 96
78 94 96
16 21 96
24 90 96
23 35 96
10 82 96
31 68 96
80 84 96
2 71 96
8 91 96
33 48 96
11 95 96
9 29 96
73 86 96
75 88 96
68 78 96
72 80 96
44 81 96
38 87 96
0 66 96
22 68 96
53 77 96
28 65 96
12 52 96
25 56 96
24 87 96
65 82 96
2 32 96
48 83 96
7 54 96
60 82 96
9 79 96
61 74 96
7 19 96
1 84 96
2 95 96
57 74 96
30 68 96
37 77 96
28 79 96
16 24 96
51 92 96
49 84 96
15 76 96
3 18 96
32 33 96
25 32 96
1 58 96
7 16 96
21 96 96
30 70 96
51 67 96
4 44 96
18 52 96
1 54 96
43 83 96
2 84 96
13 62 96
23 56 96
23 40 96
46 63 96
68 90 96
18 87 96
5 92 96
7 75 96
4 85 96
11 44 96
17 45 96
38 92 96
46 81 96
55 92 96
5 13 96
35 48 96
4 92 96
68 71 96
21 42 96
28 69 96
9 63 96
27 93 96
36 58 96
49 67 96
14 45 96
47 52 96
42 59 96
50 54 96
71 79 96
16 44 97
15 51 97
31 57 97
1 24 97
38 78 97
3 30 97
50 89 97
56 90 97
68 70 97
16 16 97
72 88 97
55 68 97
33 80 97
21 45 97
7 88 97
80 81 97
48 90 97
48 61 97
8 70 97
25 32 97
66 81 97
35 79 97
8 49 97
44 76 97
71 82 97
57 68 97
11 15 97
60 77 97
70 86 97
79 85 97
10 96 97
14 83 97
43 82 97
7 56 97
54 97 97
6 83 97
69 74 97
22 75 97
7 44 97
35 37 97
33 79 97
1 36 97
27 58 97
24 69 97
35 64 97
40 92 97
35 78 97
31 90 97
26 90 97
6 60 97
14 92 97
41 90 97
21 40 97
3 83 97
46 54 97
55 82 97
7 55 97
78 79 97
71 80 97
14 30 97
3 73 97
52 73 97
58 78 97
37 45 97
86 93 97
7 28 97
69 81 97
0 54 97
3 21 97
43 43 97
19 51 97
76 89 97
43 94 97
17 33 97
21 92 97
8 75 97
26 29 97
12 70 97
27 66 97
23 26 97
10 77 97
25 43 97
61 72 97
21 45 97
56 80 97
3 73 97
44 61 97
20 87 97
3 56 97
46 50 97
57 86 97
10 65 97
6 27 97
72 79 97
14 56 97
51 76 97
34 68 97
0 49 97
70 96 97
10 54 97
0 16 97
15 49 97
16 72 97
2 86 97
14 81 97
60 64 97
13 22 97
85 86 97
13 27 97
80 87 97
3 85 97
17 51 97
63 91 97
28 71 97
22 31 97
44 91 97
0 3 97
0 41 97
9 63 97
23 81 97
3 12 97
54 80 97
11 55 97
2 59 97
51 88 97
65 69 97
35 62 97
51 62 97
39 46 97
18 66 97
11 89 97
34 89 97
19 66 97
16 25 97
40 91 97
2 51 97
91 94 97
37 65 97
11 26 97
74 77 97
43 75 97
16 27 97
3 9 97
16 77 97
4 15 97
79 95 97
5 71 97
58 77 97
15 70 97
59 94 97
44 48 97
72 91 97
29 33 97
22 47 97
8 44 97
11 59 97
77 91 97
43 46 97
64 93 97
64 73 97
54 64 97
20 45 97
40 72 97
4 11 98
46 88 98
72 82 98
28 88 98
14 47 98
80 92 98
46 73 98
21 92 98
29 54 98
79 94 98
59 78 98
7 23 98
7 19 98
31 96 98
41 42 98
11 83 98
31 41 98
12 82 98
35 96 98
63 78 98
16 64 98
3 92 98
9 59 98
40 42 98
34 61 98
49 78 98
7 25 98
46 52 98
40 85 98
36 83 98
14 66 98
28 41 98
0 20 98
22 32 98
90 95 98
7 94 98
30 38 98
40 78 98
8 17 98
48 78 98
19 25 98
24 29 98
7 92 98
55 77 98
61 87 98
56 91 98
90 91 98
5 65 98
0 33 98
63 74 98
7 86 98
11 39 98
53 72 98
52 62 98
6 62 98
46 95 98
45 55 98
17 85 98
63 77 98
41 97 98
36 87 98
63 97 98
1 7 98
84 95 98
40 87 98
3 8 98
13 29 98
16 71 98
5 51 98
46 65 98
24 41 98
22 58 98
42 51 98
13 43 98
47 81 98
19 89 98
23 47 98
24 93 98
8 53 98
20 67 98
0 18 98
32 50 98
3 71 98
88 94 98
34 38 98
51 92 98
13 13 98
49 56 98
28 63 98
0 40 98
33 35 98
65 95 98
13 77 98
4 97 98
5 40 98
53 91 98
9 25 98
73 97 98
7 67 98
57 72 98
56 76 98
17 64 98
38 52 98
79 89 98
21 79 98
6 15 98
61 75 98
27 95 98
32 60 98
41 44 98
13 95 98
1 74 98
54 57 98
61 95 98
0 19 98
70 77 98
84 97 98
32 33 98
6 12 98
19 76 98
6 43 98
89 97 98
37 82 98
6 72 98
14 77 98
14 27 98
16 50 98
1 15 98
9 82 98
57 79 98
41 88 98
14 75 98
37 78 98
23 51 98
30 98 98
13 64 98
18 61 98
12 59 98
58 62 98
39 47 98
47 69 98
1 89 98
30 79 98
14 40 98
2 58 98
50 81 98
43 71 98
48 48 98
15 78 98
42 65 98
14 73 98
27 91 98
31 31 98
17 62 99
47 49 99
11 80 99
5 80 99
2 86 99
31 85 99
42 85 99
21 52 99
58 72 99
1 68 99
6 41 99
77 94 99
17 50 99
17 82 99
13 91 99
7 91 99
33 36 99
40 62 99
39 49 99
43 91 99
13 48 99
75 92 99
19 97 99
66 69 99
37 59 99
81 90 99
26 46 99
41 65 99
5 45 99
59 67 99
3 64 99
17 77 99
21 73 99
7 18 99
46 88 99
3 75 99
7 71 99
46 70 99
26 46 99
8 98 99
4 13 99
12 18 99
31 77 99
19 53 99
1 75 99
14 58 99
20 65 99
76 97 99
57 76 99
5 34 99
21 51 99
16 29 99
36 70 99
53 69 99
26 97 99
3 85 99
21 65 99
19 22 99
26 32 99
86 89 99
53 90 99
32 41 99
34 37 99
14 39 99
4 41 99
2 68 99
60 75 99
73 84 99
52 81 99
38 39 99
30 85 99
2 94 99
47 68 99
13 38 99
32 72 99
4 31 99
55 65 99
21 68 99
53 76 99
1 77 99
45 88 99
25 90 99
60 83 99
35 54 99
29 94 99
6 62 99
10 90 99
33 85 99
16 76 99
22 90 99
43 55 99
22 34 99
58 63 99
71 88 99
22 27 99
60 78 99
13 67 99
50 63 99
44 72 99
86 91 99
3 83 99
11 85 99
6 77 99
35 61 99
27 38 99
14 27 99
26 96 99
4 18 99
40 40 99
5 80 99
11 16 99
60 69 99
5 98 99
42 52 99
0 1 99
6 54 99
19 67 99
11 32 99
17 89 99
25 32 99
54 61 99
20 26 99
55 71 99
4 53 99
50 80 99
37 65 99
27 73 99
19 22 99
23 49 99
31 72 99
69 89 99
10 71 99
9 92 99
11 55 99
21 45 99
82 98 99
23 50 99
0 2 99
88 95 99
28 74 99
19 63 99
56 68 99
41 94 99
10 92 99
96 99 99
25 65 99
23 57 99
0 5 99
60 72 99
9 21 99
88 96 99
76 95 99
48 72 99
32 55 99
55 59 99
29 77 99
4 8 99
0 49 99
62 63 99
9 41 99
22 79 99
10 53 99
9 79 99
63 97 99
Time taken to sort using insertion sort: 1.883815 seconds